105.579	218.991	0.830	-3.678	1.025	11.585	2.256	-3.354	484.000	31.612	
105.485	219.881	0.849	-3.666	1.016	16.220	0.854	2.073	528.000	31.706	
105.965	220.724	0.906	-3.680	1.053	8.720	6.463	4.573	561.000	31.612	
105.966	218.718	0.841	-3.666	1.049	2.012	-1.402	-2.805	593.000	31.706	
105.709	219.186	0.840	-3.663	1.030	-1.524	6.646	0.549	627.000	31.706	
105.773	220.161	0.871	-3.654	1.032	6.159	-4.329	-0.122	660.000	31.753	
105.799	219.374	0.854	-3.676	1.040	10.854	-17.012	-4.512	693.000	31.847	
106.217	218.264	0.835	-3.640	1.059	11.463	-11.402	-8.841	727.000	31.753	
106.213	218.312	0.842	-3.664	1.065	10.244	-19.512	-10.549	762.000	31.706	
106.212	218.692	0.856	-3.678	1.069	9.268	-24.329	-3.902	795.000	31.706	
106.792	218.200	0.869	-3.660	1.104	6.707	-19.085	10.000	828.000	31.847	
106.205	219.941	0.885	-3.636	1.057	17.744	-12.866	17.073	864.000	31.800	
105.688	220.035	0.862	-3.654	1.026	25.305	-16.524	22.012	898.000	31.706	
107.505	214.048	0.777	-3.647	1.150	-6.707	-1.585	23.415	930.000	31.753	
106.953	215.706	0.791	-3.610	1.101	16.098	-41.402	20.976	963.000	31.753	
106.237	217.516	0.833	-3.726	1.085	29.634	-44.695	18.598	999.000	31.800	
106.279	221.291	0.958	-3.735	1.091	31.890	-34.878	24.085	1033.000	31.800	
108.563	222.372	1.086	-3.545	1.190	71.341	-7.622	10.183	1065.000	31.800	
104.365	235.491	1.281	-3.439	0.881	140.305	54.634	6.829	1098.000	31.847	
100.379	248.945	1.494	-3.141	0.575	179.268	106.463	-19.451	1132.000	31.800	
103.717	241.428	1.424	-3.177	0.775	200.366	129.939	-20.610	1165.000	31.894	
103.256	234.531	1.321	-3.996	0.941	109.390	112.500	43.598	1201.000	31.800	
105.480	226.050	1.302	-4.531	1.255	30.122	117.134	125.061	1234.000	31.894	
108.018	217.060	1.030	-4.194	1.364	37.805	57.378	154.390	1267.000	31.941	
107.878	216.358	0.804	-3.385	1.092	90.854	7.927	143.720	1301.000	31.847	
112.187	149.121	-0.584	-2.395	0.977	149.390	-123.780	116.220	1334.000	31.894	
119.379	171.657	-0.227	-2.744	1.545	275.671	-75.183	70.366	1368.000	31.941	
105.157	204.628	0.630	-5.072	1.374	184.207	-87.988	39.268	1400.000	31.894	
113.780	203.669	0.902	-4.672	2.059	30.793	-114.329	8.354	1436.000	31.894	
106.883	215.214	0.869	-4.058	1.231	39.390	-48.354	-52.439	1470.000	31.894	
101.051	227.142	0.718	-3.410	0.666	73.598	-22.805	-31.280	1503.000	31.941	
108.302	205.411	0.438	-2.784	0.921	86.707	-14.451	-16.098	1537.000	31.847	
108.743	197.285	0.315	-2.987	1.014	129.817	1.098	34.573	1569.000	31.988	
110.364	193.283	0.311	-3.544	1.315	82.439	25.793	53.049	1603.000	31.894	
113.229	193.012	0.379	-3.820	1.640	99.634	30.183	28.720	1636.000	31.941	
113.127	202.063	0.700	-4.045	1.728	53.171	33.232	-8.659	1672.000	31.988	
111.177	200.054	0.604	-4.268	1.653	34.207	71.585	-7.866	1704.000	31.988	
111.082	193.033	0.369	-4.137	1.595	-47.988	138.902	-2.744	1738.000	32.035	
114.169	202.004	0.788	-4.346	1.950	-116.768	182.683	-31.768	1771.000	31.988	
119.843	190.621	0.470	-4.366	2.505	-40.061	31.037	-126.951	1804.000	31.941	
119.389	198.838	0.937	-4.874	2.745	7.439	54.146	-143.171	1838.000	31.894	
119.182	205.547	1.262	-4.727	2.640	39.512	-39.451	-112.439	1873.000	31.941	
121.043	207.877	1.025	-3.221	1.938	101.768	81.768	-24.878	1909.000	31.941	
127.139	209.203	0.968	-2.286	1.731	64.329	50.427	-28.963	1942.000	31.941	
122.001	213.730	0.871	-2.088	1.305	26.707	69.634	-70.549	1976.000	31.941	
124.041	209.597	0.999	-2.604	1.759	-20.610	93.049	-30.366	2009.000	32.035	
124.758	210.527	1.104	-2.699	1.873	-16.585	69.451	11.524	2042.000	32.035	
119.028	215.940	1.158	-2.879	1.598	65.366	56.829	13.659	2075.000	31.988	
115.518	220.598	1.253	-3.063	1.462	55.305	47.378	33.354	2109.000	31.988	
117.857	218.945	1.214	-2.842	1.502	1.951	132.683	52.927	2144.000	32.035	
117.736	216.474	1.110	-2.856	1.502	83.110	83.110	39.024	2178.000	32.082	
116.619	216.999	1.099	-2.909	1.458	132.622	72.622	25.488	2210.000	31.988	
118.629	214.369	1.097	-2.938	1.604	101.220	95.244	32.012	2244.000	32.035	
118.378	211.720	0.961	-2.878	1.555	106.890	69.085	15.244	2277.000	31.988	
118.612	212.671	0.995	-2.845	1.552	130.915	103.293	14.085	2310.000	31.894	
115.295	219.729	1.196	-3.046	1.439	50.915	64.695	3.476	2353.000	31.988	
115.507	219.813	1.223	-3.074	1.467	14.207	46.402	1.829	2387.000	31.988	
118.295	216.346	1.292	-3.262	1.756	33.171	28.720	22.927	2422.000	31.988	
114.164	216.998	1.209	-3.576	1.604	-47.561	-40.122	44.451	2457.000	32.035	
120.371	216.413	1.526	-3.531	2.069	-3.110	-98.232	80.305	2492.000	31.988	
125.076	212.935	1.776	-3.905	2.742	-3.354	-52.134	134.573	2527.000	32.129	
120.307	207.232	1.442	-4.795	2.803	87.561	-57.927	163.963	2562.000	32.082	
123.291	198.883	0.972	-4.326	2.841	-34.329	-37.378	116.707	2599.000	32.082	
124.812	200.806	0.912	-3.452	2.400	21.159	-71.220	76.159	2634.000	32.082	
125.106	199.018	0.752	-3.104	2.182	2.256	-119.207	56.890	2669.000	32.035	
125.478	189.322	0.319	-2.729	1.945	-89.207	-62.073	65.244	2704.000	32.082	
127.587	185.111	0.179	-2.596	1.998	-125.122	-23.232	76.159	2739.000	32.176	
125.244	184.101	0.132	-2.603	1.839	-167.256	-70.244	61.402	2774.000	31.988	
120.057	187.556	0.216	-2.812	1.627	-181.280	-126.585	61.402	2809.000	32.082	
120.098	185.782	0.174	-2.962	1.717	-197.012	-156.524	79.878	2846.000	32.129	
118.014	187.182	0.196	-2.928	1.558	-164.146	-138.963	94.207	2884.000	32.082	
114.566	188.305	0.209	-3.132	1.432	-162.317	-114.512	103.902	2919.000	32.082	
113.386	193.254	0.326	-3.202	1.385	-157.012	-96.524	91.220	2954.000	32.129	
113.342	189.756	0.233	-3.146	1.357	-122.378	-105.488	40.793	2990.000	32.035	
114.096	189.824	0.256	-3.304	1.478	-47.988	-78.110	17.683	3024.000	32.129	
113.538	193.946	0.363	-3.358	1.463	-0.549	-50.061	5.000	3059.000	32.129	
111.504	190.143	0.245	-3.478	1.370	30.854	-16.951	-5.610	3097.000	32.176	
111.916	187.297	0.174	-3.374	1.357	52.927	3.902	-26.951	3132.000	32.176	
112.857	192.869	0.313	-3.255	1.372	92.927	19.024	-53.232	3167.000	32.129	
112.327	192.493	0.291	-3.198	1.313	102.927	23.354	-70.183	3202.000	32.176	
112.020	189.488	0.232	-3.438	1.391	57.866	34.207	-77.439	3236.000	32.082	
113.146	188.090	0.220	-3.616	1.546	72.622	25.000	-80.671	3271.000	32.224	
113.776	194.763	0.442	-3.811	1.679	70.915	62.683	-83.171	3309.000	32.035	
112.598	196.420	0.467	-3.806	1.584	2.256	97.683	-116.585	3344.000	32.176	
116.539	201.984	0.874	-4.335	2.165	-22.561	161.037	-152.866	3379.000	32.176	
121.335	187.873	0.358	-4.257	2.592	-8.415	41.220	-234.451	3414.000	32.082	
120.357	197.867	0.793	-4.200	2.460	60.366	25.000	-224.390	3448.000	32.082	
120.165	200.639	0.889	-4.060	2.359	-26.524	-58.293	-207.988	3484.000	32.224	
125.347	199.308	0.811	-3.262	2.313	-7.500	-25.183	-154.939	3519.000	32.082	
125.285	202.038	0.855	-2.986	2.113	46.220	32.622	-134.207	3557.000	32.176	
126.876	206.370	1.026	-2.760	2.070	-62.927	43.232	-137.012	3592.000	32.176	
128.073	207.503	1.108	-2.718	2.129	-105.610	7.866	-118.476	3627.000	32.129	
124.653	212.244	1.191	-2.732	1.889	-146.951	21.463	-110.915	3661.000	32.224	
121.155	212.185	1.093	-2.872	1.736	-161.341	36.585	-93.720	3696.000	32.176	
118.950	212.103	1.029	-2.966	1.641	-182.500	57.256	-73.293	3731.000	32.224	
115.722	215.906	1.035	-2.968	1.430	-174.817	40.976	-42.439	3766.000	32.271	
113.957	224.267	1.280	-2.956	1.313	-191.220	73.354	-29.695	3804.000	32.318	
116.717	219.091	1.201	-2.938	1.479	-195.183	106.098	-38.963	3838.000	32.224	
111.997	225.024	1.153	-2.853	1.152	-136.220	108.232	-28.537	3873.000	32.224	
113.742	222.805	1.164	-2.857	1.257	-94.451	103.841	-27.073	3909.000	32.082	
109.322	226.427	1.165	-3.161	1.108	-90.915	85.488	-50.305	3946.000	32.129	
109.039	227.306	1.211	-3.237	1.117	-14.390	76.829	-34.512	3981.000	32.224	
107.891	229.332	1.304	-3.470	1.120	10.305	85.488	-43.232	4019.000	32.224	
107.612	228.298	1.264	-3.547	1.126	41.463	63.659	-54.451	4054.000	32.176	
107.721	227.595	1.205	-3.444	1.101	58.171	42.866	-56.402	4088.000	32.271	
105.905	232.669	1.234	-3.304	0.941	94.146	28.110	-53.659	4124.000	32.176	
107.796	231.419	1.294	-3.216	1.032	95.244	25.610	-57.012	4160.000	32.129	
108.201	231.324	1.297	-3.157	1.038	109.085	18.963	-56.646	4195.000	32.129	
107.963	230.803	1.249	-3.142	1.019	137.805	-13.476	-81.220	4230.000	32.129	
109.687	227.299	1.315	-3.393	1.214	194.451	-50.732	-82.561	4274.000	32.176	
110.448	228.492	1.579	-3.748	1.397	161.524	-60.061	-50.183	4310.000	32.224	
110.655	228.457	1.688	-3.969	1.496	128.598	-67.988	-6.159	4344.000	32.129	
115.102	221.691	1.790	-4.290	2.010	157.561	-113.963	39.268	4379.000	32.224	
120.213	224.304	2.303	-4.052	2.359	182.683	1.890	122.317	4414.000	32.224	
117.280	220.827	2.022	-4.539	2.341	160.488	-40.000	96.037	4449.000	32.224	
121.336	210.816	1.497	-4.122	2.510	42.683	-36.402	59.939	4485.000	32.318	
124.650	207.550	1.198	-3.323	2.297	62.256	-95.915	56.280	4521.000	32.224	
125.066	202.355	0.778	-2.696	1.893	-6.524	-146.463	52.317	4556.000	32.176	
134.335	194.555	0.604	-2.383	2.328	-65.366	-171.829	25.488	4591.000	32.271	
129.528	197.153	0.704	-2.765	2.281	-86.463	-243.720	-38.476	4627.000	32.271	
122.274	199.514	0.685	-3.059	1.932	-77.195	-253.110	-52.988	4662.000	32.224	
119.602	209.228	0.950	-2.989	1.698	-76.646	-238.841	-67.195	4697.000	32.224	
117.935	210.734	0.875	-2.775	1.472	-84.573	-226.402	-84.573	4731.000	32.365	
114.260	210.276	0.711	-2.702	1.218	-58.659	-201.159	-63.598	4769.000	32.271	
114.173	208.786	0.624	-2.530	1.136	-29.756	-199.024	-45.549	4804.000	32.318	
116.984	198.724	0.413	-2.394	1.219	-38.902	-236.159	-70.793	4840.000	32.318	
119.522	199.929	0.513	-2.497	1.414	-7.256	-241.890	-78.902	4875.000	32.271	
118.943	204.670	0.744	-2.930	1.620	3.354	-210.183	-49.939	4910.000	32.271	
116.643	204.804	0.799	-3.445	1.729	15.915	-187.500	-37.805	4944.000	32.224	
116.606	205.143	0.897	-3.817	1.912	-1.402	-90.793	-37.439	4985.000	32.271	
116.176	200.740	0.742	-3.987	1.960	-23.720	-2.683	-70.244	5020.000	32.176	
116.691	207.063	1.053	-4.099	2.061	-78.780	133.659	-52.622	5055.000	32.176	
125.429	196.340	0.784	-3.760	2.675	-102.317	26.159	-128.049	5090.000	32.176	
126.176	204.149	1.322	-4.033	2.949	52.134	16.341	-154.146	5125.000	32.224	
125.439	206.743	1.515	-4.224	3.006	-4.451	-68.293	-122.500	5159.000	32.271	
127.996	206.274	1.296	-3.360	2.625	-28.110	-31.707	-84.939	5195.000	32.365	
129.086	209.894	1.256	-2.689	2.185	11.829	46.402	-67.378	5232.000	32.224	
134.869	215.064	1.492	-2.136	2.126	-120.610	16.768	-76.402	5268.000	32.176	
131.919	213.003	1.315	-2.256	2.025	-213.780	-19.634	-100.915	5303.000	32.271	
128.181	213.031	1.283	-2.510	1.974	-284.634	-64.146	-74.024	5338.000	32.224	
126.487	217.081	1.499	-2.682	1.983	-250.732	-52.012	-30.000	5372.000	32.318	
123.373	227.912	1.876	-2.572	1.694	-227.744	-56.098	-15.244	5407.000	32.271	
117.072	229.203	1.641	-2.771	1.416	-217.195	-25.671	7.927	5445.000	32.365	
114.638	229.168	1.416	-2.668	1.224	-205.549	-38.598	6.829	5480.000	32.459	
116.628	221.186	1.244	-2.836	1.422	-184.817	-41.890	-12.866	5516.000	32.365	
115.300	224.698	1.288	-2.754	1.302	-124.634	-82.134	21.707	5551.000	32.365	
114.032	222.848	1.213	-2.933	1.308	-61.524	-107.683	31.524	5585.000	32.271	
112.805	219.503	1.128	-3.254	1.368	-94.268	-142.317	-6.951	5620.000	32.271	
111.534	218.517	1.066	-3.396	1.340	-67.012	-191.951	-31.890	5655.000	32.271	
108.186	225.514	1.152	-3.445	1.132	-98.415	-217.073	-14.207	5693.000	32.318	
108.168	228.587	1.267	-3.404	1.117	-137.988	-249.756	-25.549	5728.000	32.318	
107.794	230.540	1.281	-3.286	1.055	-145.488	-284.878	-64.817	5764.000	32.365	
111.425	224.737	1.271	-3.268	1.282	-153.415	-334.939	-112.195	5798.000	32.318	
110.903	224.404	1.208	-3.229	1.233	-170.122	-377.988	-140.122	5833.000	32.318	
112.901	213.064	1.082	-3.935	1.662	-130.305	-550.000	-166.098	5868.000	32.365	
116.194	219.788	1.586	-3.871	1.904	-118.476	-446.341	-108.841	5904.000	32.318	
115.521	209.569	1.131	-4.175	1.993	-64.695	-479.573	-149.634	5942.000	32.271	
119.073	204.802	1.042	-4.056	2.255	-164.939	-477.927	-181.768	5977.000	32.365	
118.764	208.027	1.166	-3.990	2.190	-129.695	-571.037	-264.817	6013.000	32.318	
118.260	205.502	1.014	-3.953	2.125	-130.732	-620.061	-348.537	6049.000	32.365	
118.155	197.579	0.649	-3.830	2.050	-117.927	-635.976	-352.500	6084.000	32.318	
117.174	184.355	0.136	-3.472	1.782	-118.598	-652.500	-370.854	6119.000	32.365	
117.949	173.462	-0.178	-2.923	1.551	-164.329	-707.866	-353.110	6164.000	32.365	
116.774	178.641	-0.037	-3.101	1.564	-154.756	-848.598	-394.512	6199.000	32.318	
115.547	187.712	0.211	-3.259	1.558	-182.012	-837.927	-368.780	6235.000	32.318	
111.852	200.994	0.498	-3.236	1.298	-168.415	-762.439	-297.012	6269.000	32.412	
113.654	202.195	0.539	-3.017	1.321	-152.744	-701.829	-280.244	6304.000	32.365	
112.954	200.104	0.434	-2.797	1.185	-148.963	-694.451	-311.159	6340.000	32.365	
113.268	203.941	0.538	-2.818	1.212	-152.988	-650.854	-317.866	6378.000	32.271	
107.058	214.821	0.674	-3.157	0.969	-103.049	-586.951	-279.024	6413.000	32.412	
109.296	216.319	0.854	-3.316	1.161	-109.085	-464.939	-249.085	6448.000	32.365	
110.127	214.913	0.864	-3.379	1.238	-117.866	-356.646	-225.793	6483.000	32.318	
109.052	212.421	0.773	-3.526	1.218	-109.878	-243.232	-204.573	6518.000	32.365	
110.157	206.187	0.643	-3.560	1.307	-121.829	-185.366	-188.902	6553.000	32.318	
108.156	202.087	0.465	-3.493	1.146	-133.598	-175.488	-190.061	6588.000	32.365	
113.084	195.528	0.404	-3.414	1.455	-205.244	-73.293	-160.305	6626.000	32.365	
114.798	194.370	0.444	-3.754	1.734	-188.902	-157.439	-185.488	6661.000	32.318	
113.542	202.703	0.743	-4.077	1.776	-163.537	-230.488	-216.951	6696.000	32.412	
114.901	210.668	1.093	-3.970	1.843	-177.683	-257.012	-202.805	6731.000	32.318	
113.375	211.728	0.932	-3.486	1.507	-149.939	-181.463	-155.610	6766.000	32.365	
114.320	214.795	0.874	-2.783	1.258	-118.171	-143.110	-108.720	6802.000	32.318	
114.427	212.465	0.721	-2.494	1.133	-68.354	-182.256	-116.037	6840.000	32.412	
114.922	202.067	0.588	-3.121	1.450	-106.646	-302.500	-152.988	6875.000	32.412	
114.990	205.502	0.861	-3.874	1.806	-180.244	-417.805	-189.939	6909.000	32.365	
113.570	218.696	1.376	-3.938	1.718	-203.537	-431.402	-171.280	6944.000	32.318	
107.174	234.215	1.599	-3.729	1.152	-217.744	-404.390	-173.841	6980.000	32.365	
105.167	230.678	1.204	-3.639	0.986	-280.305	-361.646	-174.878	7015.000	32.318	
108.343	211.759	0.711	-3.464	1.148	-355.854	-382.500	-146.159	7053.000	32.365	
110.527	210.400	0.750	-3.414	1.278	-367.866	-523.598	-138.354	7091.000	32.318	
110.812	211.872	0.870	-3.682	1.399	-346.280	-550.915	-67.012	7126.000	32.365	
107.273	217.269	0.967	-4.086	1.271	-290.732	-495.122	9.756	7160.000	32.318	
107.947	213.604	0.795	-3.693	1.196	-222.317	-374.451	35.488	7195.000	32.412	
108.318	207.481	0.567	-3.295	1.091	-304.085	-393.780	-43.476	7231.000	32.412	
105.413	202.680	0.388	-3.365	0.928	-306.220	-484.451	-156.829	7266.000	32.365	
107.007	215.038	0.747	-3.483	1.065	-285.610	-515.732	-181.951	7304.000	32.412	
106.411	219.662	0.862	-3.531	1.040	-258.049	-449.695	-151.402	7339.000	32.365	
105.714	224.183	0.945	-3.457	0.973	-195.976	-337.317	-127.866	7373.000	32.318	
101.550	232.799	0.916	-3.402	0.695	-111.159	-226.524	-75.122	7409.000	32.365	
94.432	253.577	1.004	-3.817	0.296	33.354	-192.134	-51.159	7444.000	32.318	
100.282	230.481	0.887	-4.032	0.731	22.378	-197.927	-43.110	7479.000	32.412	
98.124	227.150	0.594	-3.858	0.551	54.085	-239.634	-39.939	7514.000	32.412	
100.542	212.586	0.484	-4.072	0.758	64.939	-269.878	-27.927	7552.000	32.459	
104.588	205.779	0.484	-3.854	1.003	51.159	-247.195	16.098	7586.000	32.412	
104.649	208.415	0.521	-3.688	0.964	47.622	-233.354	39.756	7621.000	32.365	
106.066	206.630	0.521	-3.611	1.040	16.646	-229.268	22.012	7657.000	32.365	
107.034	204.069	0.499	-3.646	1.117	30.488	-209.085	-0.427	7692.000	32.365	
105.824	206.314	0.529	-3.776	1.070	8.354	-197.317	-18.720	7727.000	32.412	
103.087	217.333	0.659	-3.718	0.864	17.256	-128.049	-10.915	7763.000	32.412	
103.493	212.626	0.582	-3.789	0.909	-27.866	-78.049	-24.878	7798.000	32.365	
101.154	214.564	0.534	-3.933	0.775	-56.829	-54.817	-40.488	7834.000	32.365	
103.354	206.491	0.453	-3.830	0.909	-87.622	-52.317	-39.939	7869.000	32.459	
103.385	207.292	0.458	-3.730	0.888	-76.280	-27.317	-16.402	7904.000	32.553	
103.068	212.526	0.552	-3.728	0.865	-63.963	-7.378	-11.585	7939.000	32.365	
104.135	211.209	0.567	-3.719	0.937	-96.220	2.195	-33.171	7973.000	32.412	
100.945	220.050	0.623	-3.833	0.741	-75.976	-8.171	-40.000	8018.000	32.412	
100.168	225.434	0.715	-3.926	0.704	-86.098	-15.366	-23.476	8053.000	32.412	
99.930	231.299	0.830	-3.799	0.665	-80.732	56.585	15.122	8092.000	32.365	
102.202	221.808	0.728	-3.762	0.813	-19.451	66.159	17.073	8138.000	32.365	
102.028	223.053	0.735	-3.694	0.787	68.293	64.756	16.220	8173.000	32.459	
100.363	224.460	0.667	-3.717	0.680	78.110	44.085	12.439	8208.000	32.459	
100.861	220.646	0.616	-3.741	0.718	54.451	27.866	7.561	8243.000	32.412	
101.360	219.258	0.629	-3.830	0.770	30.854	17.927	16.037	8281.000	32.412	
102.038	221.375	0.736	-3.920	0.836	52.988	11.463	21.951	8315.000	32.459	
101.278	223.933	0.721	-3.751	0.748	59.695	51.585	21.829	8350.000	32.459	
104.065	218.690	0.723	-3.602	0.902	60.610	46.524	10.305	8385.000	32.412	
101.901	222.003	0.689	-3.633	0.766	60.061	49.268	0.122	8420.000	32.365	
103.463	215.725	0.650	-3.777	0.904	20.610	52.134	-13.720	8456.000	32.506	
102.704	219.297	0.704	-3.816	0.860	0.671	67.073	-9.024	8491.000	32.459	
102.343	221.369	0.742	-3.852	0.843	1.768	69.085	1.037	8527.000	32.506	
103.399	218.767	0.717	-3.747	0.893	6.890	64.695	4.024	8562.000	32.412	
103.335	218.196	0.699	-3.749	0.889	2.866	65.793	7.195	8597.000	32.365	
103.084	220.187	0.728	-3.706	0.861	-8.049	70.366	8.963	8632.000	32.412	
103.125	218.995	0.706	-3.740	0.872	-10.122	73.841	1.341	8667.000	32.365	
103.175	217.381	0.664	-3.713	0.869	0.000	56.829	-7.927	8701.000	32.412	
102.313	223.357	0.777	-3.771	0.823	1.829	35.549	-6.890	8736.000	32.412	
103.173	220.024	0.737	-3.751	0.878	4.146	19.451	-1.524	8774.000	32.553	
103.427	216.020	0.650	-3.747	0.895	15.427	-10.610	-15.000	8809.000	32.506	
103.184	219.466	0.724	-3.752	0.879	5.976	-19.817	-17.866	8844.000	32.412	
103.246	223.752	0.833	-3.696	0.870	7.683	2.256	-7.622	8879.000	32.412	
104.874	220.537	0.854	-3.758	0.998	14.695	23.598	-8.049	8913.000	32.506	
103.460	221.177	0.791	-3.778	0.904	-2.012	12.256	-10.610	8948.000	32.506	
103.898	216.301	0.676	-3.718	0.920	-5.549	9.939	-22.927	8986.000	32.459	
103.969	218.549	0.735	-3.710	0.923	4.268	-10.854	-21.829	9024.000	32.459	
103.548	220.437	0.766	-3.729	0.898	-4.390	-12.927	-10.793	9059.000	32.412	
104.414	221.958	0.853	-3.689	0.948	-18.902	-6.951	-3.902	9094.000	32.506	
103.733	221.286	0.802	-3.736	0.913	-21.585	-0.488	-5.488	9128.000	32.506	
103.906	221.559	0.824	-3.755	0.930	-21.646	9.268	2.073	9163.000	32.459	
104.011	220.686	0.790	-3.683	0.919	-41.768	10.427	5.183	9198.000	32.412	
103.912	221.829	0.824	-3.718	0.921	-21.220	5.244	7.073	9233.000	32.459	
104.082	220.445	0.807	-3.772	0.946	-44.024	-6.220	-0.305	9271.000	32.459	
103.962	221.212	0.813	-3.731	0.928	-34.695	12.805	4.085	9306.000	32.412	
103.577	224.341	0.881	-3.732	0.901	-33.963	20.122	3.110	9340.000	32.459	
104.133	222.960	0.859	-3.665	0.923	-20.793	52.683	13.354	9375.000	32.459	
103.289	223.352	0.824	-3.696	0.873	-22.256	70.671	18.780	9410.000	32.506	
103.722	220.998	0.792	-3.731	0.911	-31.524	66.220	3.415	9446.000	32.553	
102.171	222.731	0.710	-3.563	0.769	-88.537	52.866	-11.829	9483.000	32.365	
100.684	221.970	0.638	-3.758	0.709	-42.927	71.159	-6.341	9518.000	32.553	
102.007	230.009	0.945	-3.729	0.793	-2.683	28.415	-11.646	9552.000	32.553	
101.853	228.661	0.877	-3.676	0.771	4.695	35.610	-11.341	9588.000	32.506	
102.828	226.248	0.870	-3.658	0.833	-17.866	39.512	-16.585	9623.000	32.506	
104.725	220.979	0.853	-3.734	0.981	-16.829	55.000	-13.293	9658.000	32.459	
104.180	219.746	0.771	-3.672	0.928	-12.012	57.988	-5.061	9693.000	32.553	
100.730	235.608	1.040	-3.757	0.712	-22.439	65.061	9.024	9731.000	32.506	
103.099	224.543	0.850	-3.710	0.863	1.159	60.183	4.390	9765.000	32.459	
100.992	229.311	0.843	-3.730	0.725	17.073	55.305	5.183	9800.000	32.506	
101.327	230.010	0.891	-3.729	0.747	17.012	31.280	-2.134	9834.000	32.506	
102.836	227.473	0.920	-3.703	0.844	-7.256	47.622	10.244	9869.000	32.506	
103.767	226.258	0.954	-3.727	0.913	11.585	73.841	11.829	9904.000	32.459	
103.260	232.620	1.134	-3.676	0.866	9.451	125.244	33.720	9938.000	32.459	
103.098	227.389	0.927	-3.664	0.853	66.707	148.963	19.634	9982.000	32.459	
103.070	221.849	0.763	-3.668	0.852	65.854	99.573	-4.329	10020.000	32.506	
103.455	217.123	0.666	-3.678	0.880	-9.573	69.085	-10.244	10055.000	32.553	
101.154	227.402	0.813	-3.789	0.747	-18.537	29.878	-4.817	10090.000	32.553	
100.520	233.359	0.941	-3.771	0.700	-6.707	-6.037	-10.244	10126.000	32.506	
103.465	226.714	0.958	-3.769	0.902	11.707	-41.159	-36.524	10161.000	32.600	
102.943	229.090	0.995	-3.752	0.862	-30.671	-16.524	-34.756	10195.000	32.506	
103.124	229.236	0.991	-3.665	0.854	-16.768	-18.110	-29.634	10233.000	32.553	
105.115	225.799	1.029	-3.706	1.001	55.732	-35.549	-26.890	10268.000	32.412	
103.779	227.365	0.997	-3.743	0.918	-8.171	-61.829	-34.268	10303.000	32.412	
102.026	230.591	0.991	-3.823	0.814	-2.805	-86.402	-46.585	10338.000	32.506	
102.949	225.730	0.893	-3.784	0.870	-68.780	-77.134	-28.659	10374.000	32.553	
102.870	230.014	1.005	-3.688	0.843	-76.890	-73.963	-17.073	10408.000	32.459	
102.112	231.909	1.003	-3.663	0.786	-58.841	-56.829	-19.329	10443.000	32.506	
102.947	230.708	1.026	-3.653	0.840	-43.598	-57.195	-15.976	10481.000	32.553	
104.345	225.183	0.920	-3.574	0.914	-36.098	-61.463	-14.451	10516.000	32.600	
102.208	229.578	0.929	-3.656	0.791	-16.951	-72.378	-18.537	10552.000	32.459	
101.418	228.737	0.868	-3.771	0.762	-118.963	-107.195	-32.256	10587.000	32.506	
102.459	234.620	1.108	-3.563	0.787	-113.171	-83.293	-17.500	10621.000	32.553	
101.520	233.233	1.047	-3.838	0.782	-95.427	-90.366	-32.012	10657.000	32.600	
107.209	216.767	0.849	-3.667	1.136	34.878	1.768	8.720	651.000	32.318	
107.893	214.873	0.817	-3.633	1.173	48.598	5.732	17.256	688.000	32.459	
108.481	212.026	0.757	-3.620	1.210	44.695	0.061	18.171	722.000	32.412	
110.240	206.868	0.672	-3.597	1.326	23.232	-22.134	12.622	757.000	32.412	
109.776	208.892	0.712	-3.588	1.290	45.549	-31.463	16.768	792.000	32.412	
110.237	208.875	0.732	-3.603	1.328	45.549	-40.549	15.610	827.000	32.412	
110.011	208.767	0.700	-3.502	1.275	43.476	-39.085	10.549	862.000	32.459	
110.577	208.727	0.718	-3.488	1.310	66.829	-46.768	7.012	900.000	32.365	
111.637	207.519	0.728	-3.521	1.396	63.476	-52.317	7.927	934.000	32.412	
111.505	208.002	0.744	-3.552	1.399	64.512	-51.341	9.390	969.000	32.459	
112.408	206.012	0.714	-3.548	1.463	67.439	-52.012	14.939	1004.000	32.506	
112.545	201.012	0.562	-3.521	1.462	78.110	-50.793	20.610	1042.000	32.412	
113.617	194.309	0.382	-3.424	1.497	104.451	-68.171	10.366	1077.000	32.412	
113.952	191.331	0.301	-3.379	1.501	123.963	-102.927	-14.268	1112.000	32.506	
113.734	192.712	0.365	-3.683	1.619	115.122	-127.012	-15.244	1149.000	32.553	
113.754	191.284	0.335	-3.814	1.679	94.756	-162.378	-7.744	1184.000	32.412	
113.083	193.902	0.389	-3.685	1.570	117.927	-157.927	-8.049	1219.000	32.506	
111.877	199.605	0.513	-3.585	1.439	121.220	-146.707	0.305	1255.000	32.506	
111.224	200.994	0.535	-3.591	1.395	59.512	-137.866	2.256	1290.000	32.600	
110.647	201.897	0.528	-3.488	1.314	75.000	-90.976	11.098	1325.000	32.506	
112.325	198.776	0.484	-3.470	1.425	69.756	-61.463	22.012	1359.000	32.506	
112.669	196.942	0.432	-3.393	1.417	68.293	-32.805	31.098	1397.000	32.506	
112.276	198.081	0.450	-3.366	1.379	77.012	-4.939	48.049	1432.000	32.506	
111.553	196.673	0.418	-3.533	1.396	58.415	18.780	45.122	1467.000	32.553	
111.709	191.137	0.295	-3.763	1.498	7.012	36.463	26.890	1502.000	32.647	
110.434	190.684	0.279	-3.974	1.480	-17.805	55.610	12.622	1537.000	32.600	
112.770	193.047	0.399	-4.106	1.724	-18.232	102.378	5.122	1571.000	32.600	
113.399	200.130	0.715	-4.507	1.950	-50.244	187.927	-5.793	1607.000	32.600	
118.521	192.018	0.529	-4.575	2.486	-31.402	141.890	-94.146	1644.000	32.506	
118.951	194.584	0.692	-4.811	2.661	77.866	162.439	-106.280	1680.000	32.600	
119.851	195.024	0.720	-4.673	2.682	36.220	125.793	-134.878	1715.000	32.600	
124.374	193.241	0.605	-3.762	2.573	30.488	105.305	-122.012	1750.000	32.506	
128.259	199.531	0.756	-2.702	2.131	74.573	118.780	-60.488	1784.000	32.553	
133.610	203.845	0.938	-2.227	2.121	43.110	134.024	-25.671	1820.000	32.647	
121.891	211.898	1.075	-2.776	1.728	-51.768	186.341	1.463	1864.000	32.506	
121.447	212.771	1.106	-2.811	1.719	-86.220	206.768	31.768	1899.000	32.694	
122.899	213.052	1.061	-2.520	1.630	-91.707	219.634	44.756	1934.000	32.600	
118.266	215.496	1.078	-2.812	1.512	-47.988	195.549	63.232	1970.000	32.600	
116.581	215.553	0.998	-2.791	1.396	-100.122	195.549	52.927	2004.000	32.600	
116.118	213.623	0.901	-2.765	1.355	-19.939	169.207	54.207	2039.000	32.600	
116.827	213.709	0.893	-2.646	1.338	89.146	124.207	29.634	2077.000	32.553	
115.182	215.878	0.985	-2.897	1.362	156.220	149.939	25.976	2115.000	32.506	
115.971	211.945	0.932	-3.067	1.494	121.707	107.744	21.646	2150.000	32.694	
114.223	214.100	0.956	-3.139	1.412	108.720	55.305	-7.744	2185.000	32.600	
115.021	216.580	1.175	-3.392	1.583	118.537	63.232	-2.561	2220.000	32.506	
115.625	217.763	1.373	-3.695	1.772	67.195	55.305	1.890	2255.000	32.647	
116.478	214.679	1.331	-3.862	1.924	18.598	5.244	17.012	2291.000	32.600	
117.020	212.857	1.323	-4.018	2.049	-3.659	-76.829	43.537	2326.000	32.647	
123.683	213.076	1.682	-3.874	2.582	9.085	-28.780	119.085	2363.000	32.694	
122.082	212.881	1.614	-3.983	2.497	72.012	6.098	123.780	2399.000	32.694	
121.278	206.491	1.199	-3.961	2.406	-12.439	20.305	97.744	2434.000	32.647	
127.128	201.663	0.945	-3.144	2.380	-12.256	-33.415	59.817	2468.000	32.647	
127.303	192.494	0.447	-2.649	2.019	5.854	-110.671	34.146	2503.000	32.647	
130.025	183.805	0.133	-2.378	1.997	-41.951	-102.439	42.805	2538.000	32.647	
129.803	186.664	0.248	-2.548	2.123	-58.110	-104.268	29.024	2574.000	32.600	
122.093	193.819	0.478	-3.096	1.941	-68.780	-141.341	59.634	2611.000	32.647	
123.327	192.972	0.449	-2.966	1.950	-62.561	-105.427	40.122	2647.000	32.647	
122.554	193.527	0.449	-2.925	1.867	-46.707	-90.183	13.293	2681.000	32.788	
118.388	197.113	0.488	-2.935	1.586	-46.037	-113.537	4.329	2716.000	32.741	
117.619	200.326	0.563	-2.902	1.519	-35.427	-97.805	13.354	2751.000	32.741	
118.565	196.964	0.460	-2.770	1.508	-16.585	-107.439	1.463	2787.000	32.741	
117.045	192.882	0.325	-2.785	1.422	-0.671	-123.659	-25.305	2824.000	32.600	
117.343	194.211	0.382	-2.916	1.508	26.890	-111.220	-10.854	2860.000	32.694	
117.034	196.497	0.467	-3.089	1.576	41.585	-89.939	7.195	2894.000	32.741	
116.857	192.980	0.384	-3.288	1.665	51.402	-83.902	-5.976	2929.000	32.788	
116.246	193.634	0.430	-3.593	1.771	55.793	-74.024	-23.963	2964.000	32.647	
116.130	194.423	0.463	-3.669	1.800	25.183	-81.220	-36.463	2999.000	32.647	
113.723	190.200	0.296	-3.742	1.645	27.805	-67.866	-34.146	3035.000	32.600	
114.493	191.778	0.378	-3.979	1.813	-24.512	-35.976	-51.646	3072.000	32.835	
114.898	194.316	0.468	-3.949	1.833	-174.695	17.500	-66.524	3109.000	32.647	
120.710	199.160	0.865	-4.192	2.490	-102.988	114.207	-80.122	3144.000	32.788	
123.008	187.999	0.394	-4.312	2.801	-111.402	53.780	-156.768	3180.000	32.741	
119.580	196.531	0.777	-4.614	2.619	-86.220	52.622	-157.134	3215.000	32.694	
124.005	200.471	0.967	-3.839	2.590	-173.780	74.451	-142.378	3250.000	32.741	
124.396	204.513	0.946	-3.031	2.075	-53.232	161.220	-96.829	3286.000	32.694	
123.653	212.924	1.057	-2.451	1.632	-98.110	230.183	-44.634	3322.000	32.741	
127.844	209.662	1.040	-2.351	1.826	-112.073	214.878	-63.537	3358.000	32.741	
122.840	212.358	1.072	-2.622	1.692	-138.232	240.671	-46.646	3393.000	32.694	
117.000	214.667	1.012	-2.871	1.463	-122.744	219.024	-31.524	3428.000	32.741	
118.495	214.254	1.007	-2.724	1.479	-128.659	176.829	-18.902	3464.000	32.788	
115.077	220.052	1.066	-2.711	1.269	-116.463	146.646	-4.512	3499.000	32.788	
111.960	222.627	1.062	-2.860	1.153	-109.878	145.793	2.988	3536.000	32.647	
112.014	223.837	1.107	-2.853	1.153	-62.561	120.122	18.902	3571.000	32.741	
112.494	225.071	1.185	-2.854	1.182	13.659	104.268	22.439	3606.000	32.741	
112.502	224.190	1.192	-2.961	1.227	73.293	65.244	15.000	3641.000	32.741	
112.317	222.431	1.175	-3.131	1.285	89.512	41.098	-1.646	3676.000	32.882	
112.688	219.470	1.139	-3.308	1.383	89.634	32.317	-17.378	3710.000	32.741	
110.791	219.844	1.088	-3.434	1.304	121.890	27.622	-26.524	3746.000	32.741	
112.492	224.262	1.385	-3.432	1.421	113.293	12.561	-12.683	3790.000	32.788	
111.968	224.181	1.381	-3.522	1.421	67.805	71.402	2.012	3825.000	32.788	
111.517	223.844	1.352	-3.569	1.407	53.171	71.037	13.598	3860.000	32.835	
111.750	222.541	1.306	-3.566	1.423	12.622	-0.488	-1.585	3895.000	32.741	
112.897	218.093	1.293	-3.905	1.649	-67.012	-62.866	6.037	3930.000	32.788	
116.854	213.140	1.326	-4.012	2.031	-22.439	-123.415	38.415	3965.000	32.882	
117.520	222.926	1.937	-3.996	2.082	95.488	-27.317	107.012	4000.000	32.694	
115.312	214.059	1.461	-4.569	2.161	27.927	-38.354	89.756	4038.000	32.788	
118.476	213.082	1.420	-4.019	2.180	-2.378	6.768	126.707	4073.000	32.694	
119.505	212.607	1.274	-3.521	1.992	66.768	-36.341	93.232	4108.000	32.741	
123.463	199.436	0.706	-3.027	2.001	0.061	-119.085	65.122	4145.000	32.788	
127.638	188.899	0.336	-2.782	2.146	-25.610	-142.378	47.622	4179.000	32.788	
126.207	190.020	0.370	-2.861	2.095	-89.939	-213.598	-7.988	4215.000	32.835	
121.699	191.653	0.388	-3.044	1.880	-64.939	-266.768	-42.805	4250.000	32.741	
117.604	196.570	0.498	-3.201	1.674	-35.732	-249.695	-28.110	4288.000	32.788	
116.914	201.271	0.568	-2.876	1.460	-55.488	-226.707	-39.085	4323.000	32.741	
114.800	205.668	0.592	-2.665	1.231	3.293	-256.280	-84.634	4358.000	32.882	
114.786	202.980	0.513	-2.618	1.209	42.378	-256.829	-100.976	4393.000	32.788	
116.292	200.278	0.449	-2.461	1.216	61.951	-238.232	-104.146	4428.000	32.835	
116.736	197.148	0.405	-2.607	1.313	80.183	-201.159	-104.512	4463.000	32.835	
118.567	198.477	0.529	-2.909	1.584	97.805	-160.427	-75.183	4501.000	32.788	
114.607	200.604	0.574	-3.335	1.527	102.866	-130.671	-91.341	4536.000	32.788	
115.912	199.348	0.629	-3.687	1.791	78.720	-79.390	-100.915	4571.000	32.882	
116.559	195.456	0.553	-3.999	1.999	43.293	-60.549	-119.024	4606.000	32.741	
115.207	193.976	0.488	-4.168	1.962	-3.293	27.683	-125.244	4641.000	32.788	
116.961	205.986	1.116	-4.502	2.290	-104.085	196.890	-83.841	4676.000	32.788	
124.947	194.906	0.702	-3.774	2.638	-18.232	60.793	-189.512	4711.000	32.741	
126.398	198.483	1.045	-4.240	3.126	27.622	36.341	-244.390	4749.000	32.835	
125.761	205.125	1.372	-4.063	2.926	-46.707	56.951	-167.744	4784.000	32.788	
126.813	204.927	1.146	-3.296	2.467	-13.720	103.841	-97.439	4819.000	32.882	
126.228	211.094	1.143	-2.586	1.895	24.756	132.561	-49.756	4854.000	32.788	
132.315	215.004	1.369	-2.147	1.955	-28.293	95.000	-51.646	4889.000	32.835	
131.266	214.650	1.416	-2.335	2.049	-85.610	123.659	-45.854	4924.000	32.835	
125.100	216.352	1.435	-2.773	1.949	-116.768	144.573	-8.232	4960.000	32.882	
120.474	219.681	1.394	-2.854	1.680	-89.024	163.110	18.293	4997.000	32.835	
119.761	225.237	1.541	-2.673	1.528	-119.451	144.024	9.512	5032.000	32.835	
115.838	230.588	1.534	-2.604	1.261	-144.634	129.756	-43.171	5067.000	32.835	
116.498	224.274	1.293	-2.660	1.326	-153.537	100.732	-57.805	5102.000	32.788	
120.791	217.184	1.206	-2.668	1.590	-113.354	105.244	3.415	5137.000	32.788	
118.782	223.931	1.361	-2.572	1.413	9.146	78.476	41.829	5173.000	32.976	
115.385	228.785	1.495	-2.760	1.310	66.707	75.244	23.963	5213.000	32.882	
114.913	225.525	1.397	-2.954	1.372	37.805	67.439	13.171	5248.000	32.788	
115.709	222.012	1.348	-3.107	1.496	57.378	35.427	-1.524	5282.000	32.835	
116.004	223.475	1.446	-3.127	1.525	76.951	20.915	1.524	5317.000	32.835	
112.164	225.816	1.392	-3.320	1.353	84.634	32.378	16.402	5352.000	32.835	
113.337	227.285	1.591	-3.404	1.469	70.000	6.402	10.305	5387.000	32.929	
112.828	226.103	1.551	-3.545	1.492	27.439	-10.244	-8.110	5422.000	32.882	
112.741	225.216	1.559	-3.690	1.547	-14.146	-12.378	18.171	5459.000	32.882	
113.569	223.576	1.608	-3.875	1.690	-54.512	-54.024	47.073	5494.000	32.788	
115.048	219.918	1.636	-4.184	1.955	-151.098	-151.585	80.671	5529.000	32.788	
119.417	218.684	1.840	-4.075	2.298	-52.683	-136.463	183.598	5565.000	32.835	
121.188	223.305	2.274	-3.986	2.413	41.585	-55.305	214.878	5600.000	32.882	
116.666	211.181	1.278	-4.206	2.112	-11.463	-85.183	125.732	5635.000	32.882	
126.195	206.330	0.945	-2.610	1.910	-36.220	-129.451	92.927	5669.000	32.929	
127.905	201.608	0.713	-2.312	1.800	67.134	-142.683	113.293	5714.000	32.835	
125.034	197.050	0.641	-2.979	2.089	-37.439	-134.939	106.768	5749.000	32.835	
125.235	199.196	0.765	-3.109	2.196	-20.915	-100.305	79.756	5784.000	32.788	
122.251	207.775	0.964	-2.900	1.830	8.659	-91.890	-3.476	5820.000	32.788	
117.822	213.751	0.987	-2.800	1.478	12.317	-92.500	-59.390	5855.000	32.835	
115.178	215.781	0.968	-2.856	1.343	-3.354	-120.793	-23.415	5890.000	32.882	
117.212	203.324	0.603	-2.718	1.397	-3.720	-85.610	34.268	5924.000	32.882	
117.851	195.615	0.389	-2.632	1.391	53.659	-99.451	30.915	5962.000	32.976	
117.567	193.867	0.365	-2.834	1.479	55.915	-151.463	13.232	5997.000	32.835	
118.504	199.704	0.578	-2.973	1.614	27.195	-158.110	29.573	6032.000	32.976	
115.669	206.655	0.747	-3.097	1.488	32.073	-152.744	40.061	6067.000	32.835	
116.763	205.649	0.792	-3.271	1.649	55.061	-105.000	34.695	6102.000	32.882	
115.284	202.280	0.725	-3.744	1.769	34.390	-51.341	24.451	6136.000	32.882	
116.437	197.671	0.611	-3.859	1.919	-26.646	-0.854	7.805	6174.000	32.835	
114.868	203.643	0.842	-4.148	1.923	-31.585	77.439	-2.866	6209.000	32.882	
126.031	199.519	0.987	-3.829	2.785	-74.939	151.646	-41.524	6247.000	32.882	
123.581	196.824	0.881	-4.388	2.913	11.890	130.671	-123.110	6282.000	32.835	
120.650	201.784	1.079	-4.557	2.700	-1.037	89.024	-112.012	6317.000	32.882	
125.170	200.689	0.977	-3.670	2.586	-34.634	92.805	-84.146	6351.000	32.882	
127.229	203.848	0.983	-2.928	2.225	17.805	131.646	-33.598	6387.000	32.882	
130.087	211.494	1.126	-2.184	1.838	-11.524	152.866	4.268	6426.000	32.882	
129.981	213.017	1.144	-2.099	1.760	-53.659	183.780	-4.878	6461.000	32.929	
122.049	219.965	1.329	-2.533	1.586	-74.573	221.463	10.488	6496.000	32.976	
118.928	221.757	1.350	-2.735	1.512	-97.195	228.110	14.451	6531.000	32.882	
120.390	219.217	1.278	-2.671	1.566	-49.512	212.500	17.927	6565.000	32.835	
117.044	221.497	1.198	-2.653	1.354	-44.817	178.720	11.707	6601.000	32.929	
115.192	220.809	1.186	-2.919	1.373	-32.134	146.280	30.000	6636.000	32.929	
115.160	222.102	1.218	-2.869	1.348	35.549	138.293	53.232	6673.000	32.929	
114.986	222.902	1.207	-2.787	1.299	113.110	112.561	44.390	6709.000	32.835	
113.023	226.054	1.271	-2.882	1.225	172.988	100.305	40.122	6744.000	32.929	
113.468	223.759	1.301	-3.129	1.358	128.354	93.293	33.963	6778.000	32.882	
114.682	216.306	1.093	-3.236	1.487	83.537	37.683	-0.183	6813.000	32.976	
114.642	215.863	1.126	-3.396	1.558	81.037	16.463	24.268	6848.000	33.024	
114.839	219.998	1.385	-3.565	1.650	59.329	2.073	51.402	6884.000	32.929	
114.189	222.302	1.540	-3.768	1.692	10.915	20.549	54.512	6921.000	32.929	
113.559	224.626	1.633	-3.794	1.654	-12.622	-2.012	54.939	6956.000	32.882	
112.275	228.404	1.688	-3.657	1.498	-96.707	-32.256	72.561	6991.000	32.882	
117.918	211.210	1.375	-4.283	2.270	-88.476	-111.951	100.061	7026.000	32.929	
126.516	218.952	2.278	-3.807	2.818	14.207	-0.122	201.280	7061.000	32.882	
118.281	207.385	1.221	-4.380	2.356	69.512	-42.378	103.841	7096.000	32.882	
126.188	196.666	0.740	-3.380	2.473	-131.463	-57.500	54.512	7134.000	33.024	
127.191	193.376	0.461	-2.555	1.938	-86.707	-114.268	34.878	7169.000	32.929	
129.128	198.161	0.685	-2.565	2.087	-104.939	-100.793	70.061	7204.000	32.976	
127.509	194.134	0.545	-2.819	2.164	-185.915	-121.280	74.939	7239.000	32.929	
123.229	192.322	0.407	-2.846	1.864	-140.122	-146.220	33.598	7274.000	32.976	
122.186	201.540	0.657	-2.646	1.665	-104.939	-136.341	-13.537	7312.000	32.976	
117.376	203.439	0.621	-2.767	1.433	-144.390	-139.329	-25.122	7357.000	32.929	
115.211	205.090	0.590	-2.676	1.260	-139.024	-99.207	15.732	7395.000	32.976	
115.565	202.154	0.488	-2.507	1.199	-73.537	-102.012	15.366	7430.000	32.788	
112.340	197.952	0.361	-2.714	1.115	-23.598	-124.573	-3.537	7464.000	32.882	
116.624	198.402	0.508	-3.045	1.526	-3.841	-128.476	0.305	7499.000	32.929	
115.169	201.846	0.608	-3.229	1.518	30.488	-105.854	13.841	7534.000	32.882	
114.717	200.204	0.604	-3.568	1.643	59.634	-81.341	24.451	7570.000	32.976	
111.271	201.009	0.611	-4.089	1.592	96.890	-63.841	5.610	7605.000	32.882	
114.124	205.224	0.898	-4.259	1.907	40.732	-2.195	-39.573	7649.000	32.882	
118.293	195.833	0.633	-4.146	2.231	-0.122	55.793	-101.220	7684.000	32.976	
120.996	194.218	0.771	-5.068	3.045	-75.915	142.378	-173.780	7718.000	32.882	
120.749	197.929	0.915	-4.754	2.828	-118.720	22.866	-167.134	7753.000	32.882	
119.890	208.427	1.196	-3.845	2.210	39.695	79.207	-112.805	7789.000	32.976	
123.881	213.744	1.273	-2.839	1.906	-6.341	151.280	-80.549	7824.000	32.976	
129.015	211.875	1.156	-2.295	1.859	-66.220	201.585	-119.207	7861.000	32.929	
124.219	212.276	1.125	-2.619	1.781	-125.366	213.232	-113.902	7896.000	32.929	
118.331	214.370	1.095	-2.969	1.601	-166.829	181.037	-69.268	7931.000	32.976	
115.256	218.943	1.028	-2.697	1.272	-125.366	139.268	-28.354	7966.000	32.882	
112.001	227.229	1.056	-2.417	0.977	-81.098	124.268	-14.939	8001.000	33.024	
112.455	226.603	1.130	-2.585	1.068	-57.866	112.866	-15.183	8036.000	32.929	
110.538	229.669	1.196	-2.711	1.016	-55.427	95.488	-18.659	8072.000	33.024	
112.399	229.335	1.296	-2.701	1.113	27.256	71.463	-18.720	8109.000	32.976	
108.957	231.960	1.266	-2.883	0.990	118.963	27.378	-3.841	8143.000	32.882	
108.656	226.393	1.131	-3.190	1.077	146.098	-4.939	-0.305	8183.000	32.929	
111.478	223.581	1.230	-3.286	1.293	150.244	0.183	-18.476	8218.000	32.929	
111.430	227.349	1.388	-3.257	1.278	183.902	-14.268	-19.085	8254.000	32.929	
110.088	230.327	1.494	-3.389	1.239	190.183	-5.549	4.085	8289.000	32.882	
110.616	227.974	1.503	-3.601	1.354	163.659	33.049	14.939	8324.000	32.976	
109.439	229.147	1.567	-3.841	1.355	169.268	82.805	17.073	8361.000	32.929	
112.471	222.478	1.516	-4.002	1.655	109.634	22.317	2.012	8396.000	33.024	
116.511	218.690	1.653	-4.139	2.064	50.244	-31.890	10.244	8431.000	32.882	
118.084	213.214	1.463	-4.188	2.234	-16.951	-79.024	81.646	8466.000	32.976	
124.535	217.276	2.085	-3.980	2.739	135.671	-34.085	170.915	8502.000	32.929	
119.214	210.429	1.536	-4.677	2.615	-39.512	-66.890	146.707	8537.000	32.976	
125.686	203.431	1.156	-3.715	2.668	-114.695	-72.561	127.988	8571.000	33.024	
124.927	199.416	0.684	-2.777	1.939	-30.854	-174.329	67.378	8609.000	33.024	
130.674	196.585	0.631	-2.465	2.118	-46.829	-172.744	89.390	8644.000	32.976	
129.726	191.978	0.474	-2.687	2.232	-156.646	-165.793	84.939	8679.000	32.929	
126.001	197.054	0.620	-2.782	2.021	-111.402	-155.366	51.646	8715.000	32.976	
122.397	197.813	0.531	-2.605	1.653	-50.854	-157.134	-28.232	8750.000	32.929	
117.349	206.093	0.653	-2.579	1.334	-56.890	-157.073	-33.659	8784.000	32.976	
114.584	207.810	0.638	-2.643	1.209	-100.061	-115.244	-6.707	8822.000	32.976	
115.363	208.176	0.616	-2.427	1.150	-50.366	-116.646	5.061	8858.000	32.976	
115.042	198.646	0.401	-2.546	1.189	-16.646	-82.866	-8.293	8893.000	33.024	
116.924	195.396	0.408	-2.919	1.482	-32.073	-109.695	-5.732	8928.000	33.024	
117.935	197.856	0.563	-3.293	1.746	23.659	-102.683	-0.305	8963.000	33.071	
115.019	202.286	0.724	-3.783	1.766	23.476	-84.695	2.561	8998.000	33.024	
113.980	201.239	0.716	-4.141	1.842	5.305	-22.744	-17.134	9033.000	32.929	
113.897	201.908	0.725	-4.066	1.802	2.073	76.585	-44.817	9071.000	32.929	
117.260	201.601	0.803	-3.935	2.027	-39.512	136.463	-79.024	9106.000	32.929	
121.711	195.171	0.779	-4.651	2.874	-140.915	209.573	-122.744	9141.000	33.071	
120.294	201.056	1.026	-4.563	2.666	-131.646	42.744	-164.695	9176.000	32.929	
121.803	206.068	1.149	-3.789	2.350	-17.622	23.354	-147.622	9211.000	32.976	
123.323	217.933	1.573	-3.070	2.019	54.573	78.537	-98.110	9249.000	32.976	
127.501	218.271	1.405	-2.321	1.781	28.659	214.146	-50.122	9284.000	32.976	
127.788	209.484	1.021	-2.330	1.807	-24.085	257.134	-29.573	9322.000	33.024	
122.772	210.012	0.999	-2.687	1.729	-52.805	179.146	4.451	9357.000	33.071	
115.197	224.154	1.271	-2.781	1.309	-78.659	114.634	21.707	9392.000	32.882	
117.665	227.643	1.472	-2.560	1.342	-69.817	96.524	27.439	9426.000	33.071	
113.965	230.617	1.391	-2.568	1.142	-16.463	123.171	21.159	9462.000	33.024	
113.058	224.076	1.191	-2.891	1.230	-47.134	125.427	-9.939	9497.000	33.024	
115.802	220.556	1.124	-2.717	1.313	-27.622	69.268	-13.841	9541.000	33.024	
113.652	226.997	1.275	-2.716	1.189	80.061	53.780	5.732	9577.000	32.976	
112.774	229.159	1.455	-2.996	1.258	116.646	80.549	20.793	9612.000	33.024	
113.333	225.021	1.366	-3.165	1.365	99.268	86.585	6.585	9647.000	32.882	
114.069	218.895	1.211	-3.360	1.501	115.488	38.415	-29.329	9681.000	33.024	
114.665	218.669	1.240	-3.375	1.550	108.720	-5.000	-6.585	9716.000	33.071	
111.524	226.674	1.444	-3.454	1.362	72.073	-20.183	17.805	9752.000	33.071	
111.727	227.486	1.514	-3.482	1.388	36.585	-4.756	10.488	9789.000	33.024	
112.803	223.217	1.413	-3.577	1.504	22.073	-15.366	9.817	9825.000	33.024	
115.132	218.927	1.378	-3.637	1.706	-13.537	-37.012	25.305	9860.000	32.976	
116.281	223.018	1.784	-3.872	1.912	-78.415	-75.671	64.634	9894.000	33.024	
119.531	216.029	1.628	-3.951	2.238	-32.744	-114.024	118.049	9929.000	32.929	
119.489	218.576	1.886	-4.181	2.364	54.817	-67.012	150.854	9964.000	33.024	
117.819	211.249	1.396	-4.358	2.300	-67.561	-85.183	149.817	9999.000	33.024	
122.852	205.783	1.058	-3.391	2.189	-67.378	-155.305	101.646	10037.000	32.976	
122.232	200.198	0.631	-2.720	1.715	-41.280	-204.207	97.012	10072.000	33.024	
126.792	199.266	0.660	-2.525	1.889	-71.159	-154.329	118.598	10107.000	32.929	
126.211	196.516	0.598	-2.753	2.016	-126.159	-205.061	63.293	10142.000	33.071	
121.610	196.989	0.562	-2.986	1.838	-55.488	-211.280	18.232	10177.000	33.024	
119.981	198.210	0.541	-2.851	1.645	-18.659	-223.293	-27.500	10212.000	33.024	
117.811	205.768	0.710	-2.788	1.471	-7.988	-209.512	-55.488	10248.000	33.071	
115.479	208.448	0.709	-2.746	1.309	-19.878	-167.744	-47.012	10288.000	33.024	
114.639	205.065	0.601	-2.800	1.284	10.488	-144.939	-46.220	10323.000	33.071	
115.865	201.935	0.521	-2.671	1.295	42.134	-128.780	-52.805	10358.000	32.976	
113.464	205.208	0.581	-2.844	1.234	66.463	-100.549	-65.549	10393.000	33.024	
113.325	205.499	0.646	-3.144	1.355	67.317	-50.183	-33.110	10429.000	32.976	
113.835	205.492	0.723	-3.431	1.516	71.524	-47.134	-6.829	10465.000	33.071	
115.299	198.189	0.583	-3.754	1.774	32.683	-11.890	-11.341	10503.000	33.024	
114.907	196.688	0.547	-3.929	1.824	-13.659	-66.524	-48.963	10537.000	32.976	
114.136	198.763	0.590	-3.875	1.736	-26.585	-87.622	-77.073	10572.000	32.976	
114.783	204.879	0.824	-3.850	1.777	-51.951	-54.573	-67.866	10608.000	33.024	
117.359	194.998	0.559	-4.029	2.085	-111.098	6.707	-57.927	10643.000	33.071	
124.937	197.093	0.853	-3.969	2.772	-84.085	34.634	-109.207	10679.000	33.165	
122.386	200.020	0.982	-4.251	2.696	-71.402	-61.524	-186.768	10714.000	33.118	
118.436	214.001	1.508	-4.128	2.235	-90.305	41.707	-171.890	10752.000	33.071	
122.561	214.900	1.512	-3.394	2.167	-105.793	171.768	-120.854	10786.000	33.024	
124.501	208.292	1.010	-2.729	1.876	-75.610	288.720	-85.549	10822.000	33.024	
126.930	207.158	0.867	-2.249	1.690	-35.244	217.561	-59.085	10857.000	33.071	
124.932	214.150	1.155	-2.438	1.703	-33.659	131.280	-52.439	10892.000	33.071	
123.071	215.325	1.240	-2.688	1.750	-70.793	139.634	5.610	10928.000	33.071	
119.123	218.351	1.229	-2.787	1.553	-23.049	178.049	73.659	10964.000	32.976	
118.557	224.077	1.431	-2.715	1.478	4.451	109.756	102.744	11000.000	33.024	
115.250	227.702	1.463	-2.822	1.331	-18.780	93.537	55.488	11035.000	33.118	
112.853	226.700	1.287	-2.878	1.213	14.390	89.695	54.939	11070.000	33.071	
112.756	226.407	1.242	-2.819	1.183	104.817	110.976	72.134	11106.000	32.976	
113.168	225.092	1.222	-2.846	1.218	161.098	121.646	94.146	11141.000	33.118	
114.968	219.092	1.134	-2.997	1.396	201.098	76.037	89.512	11175.000	32.976	
113.329	219.501	1.137	-3.197	1.379	202.256	45.488	78.232	11213.000	33.071	
112.915	221.024	1.262	-3.431	1.450	182.439	11.585	71.280	11248.000	33.071	
112.881	222.048	1.320	-3.469	1.464	133.171	-0.915	53.476	11283.000	33.071	
113.667	226.234	1.644	-3.592	1.574	80.061	12.012	27.317	11321.000	33.071	
115.150	224.731	1.758	-3.779	1.774	46.890	26.463	24.817	11356.000	33.071	
111.628	223.397	1.459	-3.892	1.543	56.159	-44.451	26.037	11392.000	33.071	
122.644	202.918	1.072	-3.959	2.536	98.963	-188.537	42.073	11426.000	33.118	
125.068	207.949	1.466	-3.936	2.763	233.720	-152.622	144.146	11470.000	33.071	
122.201	200.613	1.084	-4.576	2.882	19.695	-133.780	114.085	11506.000	33.071	
127.307	205.767	1.281	-3.483	2.654	-68.354	-189.024	89.451	11541.000	33.071	
128.883	201.477	0.939	-2.961	2.388	-62.744	-265.000	-14.634	11576.000	33.024	
129.992	183.427	0.127	-2.527	2.120	-144.024	-257.195	-63.415	11612.000	33.024	
133.438	180.288	0.012	-2.465	2.334	-167.012	-196.707	-31.159	11646.000	32.976	
127.902	182.866	0.107	-2.756	2.146	-168.171	-242.744	-9.451	11684.000	33.024	
124.479	183.940	0.140	-2.952	2.027	-110.732	-305.793	-52.683	11719.000	33.165	
122.747	177.385	-0.085	-2.893	1.860	-51.646	-319.695	-94.451	11755.000	32.976	
121.407	176.551	-0.101	-2.733	1.669	-59.817	-336.341	-82.012	11790.000	33.024	
120.658	192.592	0.375	-2.832	1.679	-106.707	-341.463	-108.902	11826.000	33.071	
120.669	186.444	0.193	-2.887	1.712	-450.549	-195.549	-50.549	11860.000	33.024	
115.290	197.454	0.422	-2.840	1.342	-413.354	-83.171	19.878	11895.000	33.071	
110.203	200.556	0.372	-2.696	0.992	-0.915	-205.488	-83.415	11933.000	33.024	
115.006	189.149	0.257	-3.419	1.595	103.171	-233.720	-126.951	11968.000	33.118	
113.029	194.113	0.389	-3.637	1.546	-74.817	-110.732	-119.268	12004.000	33.118	
113.372	190.397	0.284	-3.584	1.549	-101.890	-61.524	-119.390	12039.000	33.165	
113.747	188.617	0.227	-3.398	1.495	148.110	-50.488	-64.390	12073.000	33.071	
113.115	185.019	0.151	-4.038	1.724	92.012	-31.098	12.317	12109.000	33.071	
111.111	179.819	-0.005	-3.999	1.544	38.415	84.024	-30.061	12146.000	33.071	
114.055	195.051	0.486	-4.052	1.809	233.354	42.439	-133.476	12182.000	32.929	
123.308	189.152	0.453	-4.280	2.813	-145.244	66.159	-214.695	12217.000	33.118	
118.378	190.636	0.466	-4.592	2.480	-104.024	20.976	-257.317	12252.000	33.165	
122.386	192.549	0.589	-4.171	2.646	77.195	-127.744	-221.402	12288.000	33.071	
124.771	198.322	0.835	-3.632	2.521	-115.366	-366.646	-280.305	12322.000	33.071	
124.485	194.324	0.536	-3.057	2.100	-222.866	13.537	-137.195	12360.000	32.976	
124.011	211.282	0.987	-2.408	1.625	-198.780	-8.963	-152.317	12398.000	33.118	
123.744	211.524	1.173	-2.862	1.912	-265.000	-28.232	-143.659	12433.000	33.118	
124.225	212.354	1.200	-2.785	1.895	-153.902	-85.549	-174.268	12468.000	33.165	
122.070	212.803	1.128	-2.793	1.750	84.390	-101.524	-138.171	12504.000	33.071	
119.647	207.597	0.865	-2.908	1.655	170.549	-136.159	-213.841	12538.000	33.118	
119.270	206.330	0.757	-2.729	1.529	132.500	-164.695	-233.659	12574.000	33.024	
122.048	215.992	1.221	-2.685	1.681	-97.012	-266.402	-302.073	12611.000	33.071	
118.018	214.614	0.888	-2.417	1.286	-196.524	-321.829	-315.732	12647.000	33.024	
114.983	210.142	0.710	-2.624	1.223	-66.646	-176.890	-302.012	12682.000	33.024	
120.287	217.036	1.219	-2.766	1.615	-71.524	-169.817	-176.585	12718.000	33.118	
116.266	215.666	1.035	-2.923	1.442	44.451	-177.744	-198.354	12752.000	33.118	
117.838	211.405	1.009	-3.129	1.652	41.646	-266.768	-190.305	12787.000	33.165	
112.944	217.376	1.100	-3.400	1.439	-6.220	-275.671	-189.146	12823.000	33.118	
115.033	213.601	1.065	-3.434	1.604	115.244	-297.012	-234.268	12856.000	33.024	
119.212	215.473	1.349	-3.385	1.893	141.463	-287.805	-239.390	12892.000	33.165	
119.447	216.499	1.312	-3.140	1.772	-24.268	-295.671	-199.024	12926.000	33.071	
116.683	216.750	1.284	-3.422	1.720	-239.573	-356.037	-37.561	12962.000	33.165	
113.967	213.185	0.993	-3.416	1.519	-263.415	-342.256	10.793	12997.000	33.071	
123.560	207.444	1.194	-3.467	2.300	-70.305	-330.915	-31.280	13032.000	33.071	
128.220	202.246	1.036	-3.217	2.533	54.146	-287.500	-67.927	13070.000	33.024	
129.720	189.915	0.420	-2.892	2.402	12.683	-242.317	-191.707	13106.000	33.071	
129.922	192.039	0.480	-2.692	2.253	-13.171	-421.098	-321.524	13140.000	33.071	
131.644	199.718	0.865	-2.715	2.414	-186.402	-507.012	-265.854	13175.000	33.071	
131.416	198.829	0.840	-2.792	2.463	-273.049	-493.232	-217.805	13211.000	33.165	
126.864	194.502	0.613	-3.162	2.371	-289.207	-444.451	-176.951	13246.000	33.071	
123.541	196.306	0.604	-3.117	2.066	-156.768	-430.488	-210.183	13291.000	33.071	
122.383	191.276	0.383	-3.027	1.920	-80.000	-326.768	-227.744	13327.000	33.118	
120.649	191.310	0.354	-2.991	1.772	-87.134	-373.659	-255.000	13362.000	33.071	
119.310	190.249	0.316	-3.117	1.750	-172.805	-398.841	-308.110	13400.000	33.118	
118.846	192.119	0.367	-3.104	1.710	-117.988	-356.890	-258.232	13434.000	33.024	
118.036	191.966	0.371	-3.288	1.751	-126.707	-355.366	-235.732	13470.000	33.071	
120.876	189.429	0.315	-3.177	1.899	-91.037	-342.439	-218.232	13505.000	32.976	
120.304	187.755	0.256	-3.215	1.879	-98.659	-335.427	-220.549	13543.000	33.118	
118.707	193.430	0.432	-3.301	1.808	-100.793	-297.927	-202.866	13579.000	33.212	
118.225	193.722	0.440	-3.360	1.804	-111.159	-206.585	-151.341	13614.000	33.024	
120.477	195.844	0.621	-3.719	2.188	-176.524	-156.463	-184.573	13649.000	33.118	
125.526	195.266	0.712	-3.653	2.608	-200.244	-339.573	-327.561	13684.000	33.071	
124.940	203.954	1.141	-3.675	2.567	-163.720	-343.171	-315.061	13720.000	33.165	
124.580	208.782	1.169	-3.087	2.128	-37.744	-114.451	-169.939	13758.000	33.024	
125.525	209.437	1.007	-2.499	1.784	-93.354	-59.024	-149.573	13793.000	33.071	
122.091	212.396	1.073	-2.697	1.691	-137.988	-129.390	-139.695	13828.000	33.118	
122.722	201.742	0.912	-3.560	2.287	-206.524	-277.683	-175.610	13863.000	33.071	
123.476	193.616	0.570	-3.561	2.354	-102.866	-389.024	-197.988	13898.000	33.165	
123.200	205.636	0.933	-2.970	1.943	-62.683	-343.537	-180.183	13934.000	33.259	
119.254	207.489	0.838	-2.875	1.610	-169.878	-275.305	-224.695	13972.000	33.071	
116.050	215.656	1.026	-2.927	1.431	-257.439	-172.561	-192.683	14007.000	33.118	
118.490	217.882	1.317	-3.120	1.693	72.256	-174.085	-253.598	14042.000	33.071	
114.902	223.041	1.503	-3.467	1.609	-269.268	-253.659	-170.915	14077.000	33.071	
116.073	207.652	0.844	-3.291	1.610	-233.902	-360.793	-184.512	14112.000	33.118	
117.063	215.052	1.139	-3.177	1.623	-206.524	-505.976	-248.476	14147.000	33.165	
117.558	215.688	1.215	-3.241	1.691	-194.756	-406.951	-172.866	14183.000	33.118	
121.454	204.086	1.014	-3.707	2.268	-184.085	-406.585	-159.146	14221.000	33.118	
121.337	192.084	0.475	-3.641	2.217	-131.159	-382.500	-154.024	14256.000	33.165	
122.477	191.778	0.479	-3.605	2.295	-181.646	-369.329	-203.598	14290.000	33.165	
118.217	198.791	0.624	-3.418	1.834	-165.000	-452.439	-285.671	14326.000	33.118	
125.959	189.935	0.383	-3.013	2.186	-114.207	-394.146	-295.000	14361.000	33.165	
125.184	188.700	0.279	-2.589	1.825	-271.280	-435.000	-260.122	14396.000	33.165	
120.368	185.342	0.170	-3.102	1.817	-141.585	-524.390	-359.146	14434.000	33.071	
121.871	192.947	0.494	-3.457	2.149	-180.915	-510.549	-281.951	14472.000	33.118	
120.203	187.269	0.250	-3.367	1.960	-204.024	-476.098	-288.720	14508.000	33.118	
116.423	185.912	0.171	-3.321	1.650	-10.488	-518.598	-354.634	14542.000	33.071	
115.649	185.518	0.161	-3.474	1.668	12.073	-510.793	-356.098	14578.000	33.165	
116.320	192.804	0.381	-3.388	1.676	42.561	-513.415	-320.976	14613.000	33.165	
117.732	187.456	0.229	-3.321	1.746	89.878	-412.256	-299.939	14652.000	33.118	
117.973	187.787	0.231	-3.187	1.692	102.561	-328.049	-247.195	14688.000	33.165	
121.568	187.367	0.246	-3.098	1.903	-134.268	-205.427	-206.159	14723.000	33.118	
119.635	191.468	0.413	-3.579	2.036	-255.366	-106.646	-159.024	14758.000	33.212	
126.669	200.192	1.005	-3.670	2.732	-346.280	-152.561	-168.598	14793.000	33.071	
119.531	201.930	0.935	-4.098	2.321	-263.963	-256.585	-273.293	14829.000	33.071	
118.916	203.925	0.850	-3.467	1.915	-64.512	-185.488	-152.927	14864.000	33.118	
122.825	210.185	1.047	-2.790	1.800	93.354	-99.329	-91.220	14902.000	33.165	
119.023	217.460	1.200	-2.823	1.566	-37.317	-101.463	-143.476	14937.000	33.212	
121.455	210.822	1.179	-3.229	1.976	-75.122	-183.720	-154.573	14971.000	33.071	
120.460	207.051	1.007	-3.353	1.972	-139.085	-268.293	-171.646	15007.000	33.165	
119.133	208.779	1.056	-3.448	1.922	-191.341	-258.537	-161.280	15042.000	33.118	
116.992	212.120	0.936	-2.926	1.490	86.463	-138.110	-81.829	15078.000	33.212	
115.568	213.550	0.977	-3.078	1.473	90.915	-146.098	-144.146	15122.000	33.118	
114.356	217.017	1.054	-3.087	1.397	28.720	-119.756	-172.500	15158.000	33.165	
113.594	217.476	1.078	-3.220	1.406	-16.037	-186.768	-184.512	15193.000	33.165	
114.397	209.061	0.843	-3.344	1.517	-64.024	-187.744	-184.695	15227.000	33.118	
115.228	207.044	0.831	-3.455	1.628	-119.268	-319.756	-195.488	15263.000	33.212	
118.336	212.518	1.188	-3.457	1.864	-179.634	-233.110	-116.220	15298.000	33.212	
114.551	221.701	1.477	-3.628	1.657	-205.366	-303.171	-124.390	15334.000	33.118	
118.418	207.474	1.029	-3.658	1.979	-338.902	-215.793	-53.720	15371.000	33.118	
119.951	207.421	1.036	-3.466	1.997	-378.537	-246.098	6.890	15407.000	33.118	
120.484	194.284	0.581	-3.877	2.282	-95.915	-386.341	-31.524	15441.000	33.165	
123.509	197.926	0.749	-3.497	2.315	-271.524	-542.378	-143.902	15477.000	33.165	
125.728	187.198	0.239	-2.634	1.895	-446.524	-545.671	-249.024	15515.000	33.212	
121.979	186.020	0.176	-2.670	1.667	-215.427	-465.549	-216.585	15550.000	33.071	
119.743	199.811	0.724	-3.516	2.009	-91.159	-340.671	-149.512	15588.000	33.118	
118.589	198.265	0.654	-3.638	1.982	-67.561	-290.976	-189.573	15624.000	33.212	
112.463	198.423	0.468	-3.396	1.404	36.707	-212.439	-215.122	15659.000	33.118	
111.831	200.706	0.493	-3.257	1.305	30.244	-208.354	-157.378	15694.000	33.212	
112.699	200.491	0.494	-3.161	1.322	-91.707	-214.024	-115.305	15729.000	33.118	
113.814	203.132	0.607	-3.222	1.422	-220.793	-164.268	-92.073	15764.000	33.212	
115.365	205.097	0.824	-3.712	1.760	-121.768	-85.305	-65.732	15802.000	33.118	
113.249	198.060	0.601	-4.287	1.842	-2.988	60.488	-2.012	15838.000	33.212	
114.167	201.600	0.778	-4.381	1.966	-29.085	58.659	-29.512	15873.000	33.212	
118.741	195.908	0.731	-4.680	2.566	-300.366	140.244	-106.098	15907.000	33.118	
120.897	202.177	1.107	-4.540	2.717	-186.463	-108.537	-225.854	15943.000	33.306	
116.717	208.148	1.230	-4.569	2.300	121.037	-97.439	-184.451	15978.000	33.165	
119.450	212.590	1.170	-3.241	1.830	354.695	-49.695	-26.037	16014.000	33.165	
131.202	205.828	0.947	-2.235	1.957	478.293	14.085	-19.573	16052.000	33.118	
124.642	210.622	1.031	-2.521	1.742	333.110	47.988	-118.110	16087.000	33.259	
122.787	215.043	1.344	-2.975	1.916	-180.061	24.695	-95.427	16121.000	33.165	
122.470	212.145	1.111	-2.779	1.769	-304.329	-115.244	-110.976	16157.000	33.071	
118.246	221.527	1.217	-2.558	1.374	-184.878	-137.866	-62.195	16192.000	33.165	
116.526	217.484	1.099	-2.870	1.433	-54.329	-12.317	-63.232	16227.000	33.165	
115.330	222.560	1.130	-2.600	1.230	-43.354	-29.512	-78.537	16263.000	33.165	
116.748	220.560	1.160	-2.689	1.355	107.439	-5.305	-30.488	16295.000	33.212	
115.412	218.459	1.191	-3.157	1.500	109.451	105.244	-4.146	16331.000	33.165	
114.813	223.051	1.372	-3.177	1.469	-187.073	103.415	5.610	16366.000	33.165	
112.873	214.829	0.965	-3.287	1.387	116.890	-57.378	-30.122	16401.000	33.118	
116.052	215.206	1.210	-3.508	1.715	-215.000	98.232	5.915	16437.000	33.165	
110.219	223.628	1.114	-3.174	1.169	97.988	-19.817	15.000	16472.000	33.212	
112.228	224.353	1.497	-3.747	1.531	-99.634	2.134	16.890	16509.000	33.212	
110.546	224.130	1.330	-3.658	1.371	-226.402	53.354	52.012	16544.000	33.212	
110.489	226.805	1.391	-3.494	1.306	-236.768	-65.488	17.683	16582.000	33.165	
115.499	217.710	1.508	-4.089	1.950	-264.939	-135.305	51.951	16626.000	33.259	
116.524	222.187	1.975	-4.365	2.179	-187.256	-100.610	164.329	16662.000	33.306	
111.791	207.454	0.999	-4.810	1.923	-0.793	-153.232	78.902	16697.000	33.212	
118.925	204.478	0.890	-3.536	1.954	279.939	-279.634	-11.463	16732.000	33.118	
123.180	196.340	0.542	-2.827	1.849	588.110	-284.573	-105.854	16770.000	33.212	
125.123	182.962	0.099	-2.710	1.906	226.768	-285.122	-91.707	16805.000	33.165	
125.709	185.058	0.177	-2.778	1.997	-42.744	-279.085	-77.622	16840.000	33.165	
121.263	190.662	0.342	-2.990	1.815	-137.195	-289.024	-44.329	16876.000	33.165	
123.677	194.289	0.491	-2.895	1.929	-123.110	-218.049	-65.000	16911.000	33.165	
117.928	191.358	0.314	-2.953	1.565	-67.439	-199.939	-58.902	16947.000	33.165	
118.314	207.734	0.807	-2.848	1.534	35.427	-134.756	-54.634	16991.000	33.165	
117.523	202.491	0.600	-2.779	1.448	8.415	-103.049	-45.793	17027.000	33.165	
115.671	201.670	0.525	-2.751	1.322	140.244	-177.622	-70.549	17061.000	33.165	
117.728	199.401	0.578	-3.123	1.642	-4.146	-80.427	-56.890	17097.000	33.165	
115.987	197.879	0.508	-3.229	1.574	-28.415	30.671	-16.098	17132.000	33.118	
114.901	198.934	0.541	-3.397	1.577	-46.646	-9.207	-39.695	17168.000	33.212	
115.810	205.544	0.835	-3.612	1.747	-44.939	-22.927	-39.207	17203.000	33.259	
114.667	199.232	0.614	-3.834	1.761	-8.902	7.439	-20.366	17241.000	33.118	
115.168	199.406	0.660	-3.988	1.874	117.683	32.622	-3.415	17275.000	33.212	
117.056	198.212	0.671	-3.992	2.039	130.732	74.085	-10.549	17310.000	33.165	
123.641	196.242	0.813	-4.191	2.789	-138.232	179.451	-51.159	17346.000	33.071	
123.379	192.452	0.680	-4.672	3.078	104.512	-8.354	-155.732	17381.000	33.165	
124.841	203.404	1.221	-4.052	2.820	136.341	3.476	-122.073	17417.000	33.259	
125.978	203.868	1.018	-3.168	2.300	29.573	141.524	-14.268	17457.000	33.212	
131.025	208.655	1.068	-2.247	1.955	6.707	106.463	-22.988	17507.000	33.212	
126.348	207.279	0.964	-2.540	1.869	-193.232	213.598	-43.720	17542.000	33.165	
124.884	209.228	1.069	-2.741	1.911	-351.463	175.610	-37.805	17577.000	33.259	
123.553	211.925	1.056	-2.555	1.694	-214.207	83.476	-39.756	17612.000	33.165	
120.012	212.366	0.979	-2.673	1.544	-231.159	112.012	18.780	17647.000	33.165	
119.631	217.865	1.215	-2.747	1.563	-73.902	108.902	-24.573	17683.000	33.259	
115.165	213.044	1.009	-3.301	1.551	-290.183	115.305	-52.012	17721.000	33.165	
110.326	224.866	1.045	-2.834	1.050	-166.220	52.561	-44.146	17756.000	33.165	
113.930	223.669	1.272	-3.004	1.333	-278.963	52.195	-41.402	17792.000	33.259	
111.514	226.755	1.298	-3.097	1.221	-291.951	94.146	-55.732	17826.000	33.212	
107.603	228.639	1.176	-3.263	1.035	26.951	-69.634	-78.476	17861.000	33.212	
111.662	221.035	1.193	-3.452	1.371	58.902	10.183	-19.451	17897.000	33.165	
107.970	230.590	1.314	-3.330	1.080	122.317	-35.915	-16.037	17932.000	33.118	
109.122	229.885	1.383	-3.360	1.165	87.744	-12.439	-26.768	17970.000	33.212	
105.446	231.976	1.138	-3.220	0.890	197.439	-13.659	-54.634	18004.000	33.165	
112.096	227.070	1.609	-3.688	1.497	5.366	112.805	-5.915	18040.000	33.212	
120.177	195.408	0.813	-5.070	2.948	-284.207	-105.549	-200.305	18075.000	33.212	
131.170	169.189	-0.841	-5.035	4.403	227.256	375.183	383.476	18110.000	33.259	
81.012	289.522	1.350	-3.025	-0.479	-1628.720	-91.402	263.720	18146.000	33.259	
101.439	245.032	1.563	-3.596	0.728	145.915	-573.354	227.012	18184.000	33.212	
109.901	229.409	1.842	-4.359	1.578	688.232	-185.732	192.622	18219.000	33.212	
105.365	221.424	0.996	-4.108	1.129	1656.951	-272.195	111.463	18254.000	33.165	
117.828	208.749	1.213	-4.188	2.211	930.305	7.073	-125.183	18289.000	33.259	
125.607	202.971	1.085	-3.574	2.560	340.854	-99.695	-203.354	18324.000	33.212	
121.202	200.688	0.630	-2.754	1.668	115.854	-359.573	-71.037	18362.000	33.212	
128.879	189.310	0.411	-3.110	2.508	-327.988	-131.768	-59.573	18400.000	33.118	
130.393	184.683	0.188	-2.704	2.301	-144.390	-152.866	-88.598	18438.000	33.165	
121.228	194.247	0.459	-2.981	1.808	-126.463	-169.939	9.024	18472.000	33.400	
121.244	196.078	0.563	-3.223	1.955	-23.354	-107.195	38.110	18508.000	33.165	
120.729	204.587	0.821	-3.020	1.795	185.183	-224.085	24.268	18543.000	33.165	
118.248	188.723	0.275	-3.341	1.795	-71.463	-43.232	1.098	18579.000	33.165	
115.259	204.632	0.626	-2.894	1.365	-14.634	-99.207	29.085	18615.000	33.165	
116.034	188.762	0.242	-3.217	1.571	-332.012	56.646	70.671	18653.000	33.165	
118.213	207.621	0.736	-2.623	1.407	-8.963	-373.598	-67.073	18688.000	33.259	
111.193	161.332	-0.461	-3.519	1.364	265.183	-46.159	-109.878	18722.000	33.259	
122.810	201.787	0.810	-3.142	2.025	607.866	-240.366	-25.732	18758.000	33.259	
117.248	194.088	0.450	-3.483	1.794	408.049	-50.427	36.951	18793.000	33.165	
123.109	197.268	0.729	-3.599	2.347	99.634	-234.390	-109.573	18829.000	33.165	
123.670	189.105	0.415	-3.888	2.590	246.098	-34.085	-79.878	18864.000	33.259	
122.909	197.479	0.684	-3.354	2.171	-219.085	-468.293	-67.012	18909.000	33.212	
