10.623	7.988	-0.595	-0.795	-4.238		-2.744	2.622	119109.000	33.682	
10.464	8.039	-0.597	-0.780	-4.225		-4.512	2.744	119180.000	33.729	
10.402	8.282	-0.621	-0.783	-4.267		-2.439	2.500	119250.000	33.635	
10.246	8.238	-0.617	-0.771	-4.263		-3.415	1.037	119322.000	33.682	
10.605	7.974	-0.592	-0.791	-4.225		-2.927	3.415	119393.000	33.635	
10.392	8.088	-0.602	-0.776	-4.233		1.463	1.280	119463.000	33.635	
10.233	8.104	-0.605	-0.768	-4.252		-0.610	3.659	119533.000	33.588	
10.778	7.687	-0.571	-0.806	-4.232		-3.902	1.402	119604.000	33.635	
10.492	7.779	-0.582	-0.789	-4.261		0.061	2.927	119674.000	33.635	
10.521	7.904	-0.587	-0.785	-4.228		-0.610	3.476	119744.000	33.588	
10.666	8.246	-0.616	-0.801	-4.252		-1.037	3.232	119815.000	33.635	
10.831	8.087	-0.601	-0.809	-4.227		-1.220	3.476	119885.000	33.635	
10.201	7.930	-0.596	-0.770	-4.276		-1.159	1.220	119956.000	33.541	
10.426	7.907	-0.580	-0.769	-4.177		4.085	6.585	120027.000	33.682	
10.240	8.151	-0.602	-0.759	-4.200		-4.573	0.427	120096.000	33.635	
10.738	7.158	-0.532	-0.804	-4.238		-6.098	1.890	120167.000	33.635	
10.489	7.456	-0.556	-0.786	-4.246		-0.061	2.317	120238.000	33.494	
10.394	7.862	-0.586	-0.778	-4.243		-2.195	2.927	120308.000	33.588	
10.478	8.013	-0.601	-0.789	-4.267		3.963	1.890	120379.000	33.635	
10.671	7.733	-0.582	-0.808	-4.286		-1.098	2.622	120449.000	33.588	
10.381	7.636	-0.570	-0.779	-4.254		2.683	3.963	120520.000	33.588	
10.740	7.820	-0.587	-0.811	-4.273		1.646	1.829	120590.000	33.635	
10.550	7.971	-0.595	-0.791	-4.247		-0.671	3.232	120659.000	33.588	
10.752	7.907	-0.585	-0.800	-4.212		1.951	3.171	120730.000	33.635	
10.544	7.744	-0.580	-0.794	-4.266		2.744	2.134	120800.000	33.682	
9.204	5.866	-0.443	-0.699	-4.315		-32.439	11.707	120869.000	33.635	
6.209	13.261	-1.068	-0.493	-4.533		0.671	90.549	120941.000	33.635	
3.764	5.421	-0.404	-0.280	-4.261		-135.061	50.183	121012.000	33.635	
7.570	5.480	-0.408	-0.565	-4.255		-9.573	51.585	121084.000	33.635	
6.695	5.734	-0.428	-0.500	-4.260		32.134	19.512	121155.000	33.682	
4.388	6.647	-0.515	-0.339	-4.416		80.488	-35.610	121226.000	33.588	
5.262	11.563	-0.931	-0.419	-4.549		24.085	-86.280	121297.000	33.682	
359.920	7.015	-0.518	0.006	-4.206		-14.146	-110.793	121370.000	33.635	
7.283	6.657	-0.514	-0.563	-4.401		132.195	-195.183	121445.000	33.588	
7.796	8.926	-0.685	-0.597	-4.358		67.988	-142.866	121520.000	33.635	
7.452	10.120	-0.826	-0.605	-4.629		105.793	-202.378	121592.000	33.635	
11.588	6.461	-0.485	-0.879	-4.286		173.537	-272.256	121667.000	33.682	
15.468	11.709	-0.859	-1.147	-4.146		319.329	-345.000	121742.000	33.776	
24.392	12.137	-0.837	-1.765	-3.892		255.305	-340.610	121818.000	33.635	
27.014	14.593	-1.008	-1.974	-3.871		339.451	-283.537	121893.000	33.682	
32.796	18.764	-1.209	-2.293	-3.559		118.720	-277.195	121969.000	33.729	
39.033	17.884	-1.016	-2.552	-3.147		-184.390	-222.256	122045.000	33.682	
44.272	10.715	-0.545	-2.808	-2.880		-299.695	-199.024	122123.000	33.682	
49.778	0.660	-0.029	-3.007	-2.543		-315.000	-204.329	122200.000	33.635	
55.834	355.337	0.184	-3.316	-2.251		-198.537	-189.878	122275.000	33.588	
63.211	352.311	0.252	-3.696	-1.866		-125.671	-219.024	122352.000	33.635	
68.121	345.853	0.389	-3.840	-1.542		-16.341	-250.061	122429.000	33.635	
73.051	336.699	0.510	-3.884	-1.184		95.183	-143.841	122505.000	33.682	
74.378	332.828	0.564	-3.933	-1.100		238.049	-78.415	122579.000	33.635	
77.935	330.980	0.460	-3.879	-0.829		367.500	-39.146	122655.000	33.635	
79.056	325.099	0.521	-3.858	-0.746		389.512	-36.829	122730.000	33.682	
82.365	319.935	0.444	-3.941	-0.528		367.927	-58.293	122805.000	33.729	
83.165	313.814	0.481	-3.854	-0.462		363.963	-64.146	122880.000	33.635	
83.305	310.770	0.546	-4.010	-0.471		301.098	-58.293	122954.000	33.682	
83.918	308.726	0.513	-3.858	-0.411		143.049	-35.244	123029.000	33.541	
87.496	327.700	0.107	-3.886	-0.170		-83.659	80.305	123104.000	33.682	
85.183	308.344	0.435	-4.079	-0.344		-271.220	141.646	123177.000	33.682	
83.873	327.677	0.279	-4.112	-0.441		-277.500	155.305	123254.000	33.635	
86.379	323.608	0.181	-3.873	-0.245		-385.244	173.171	123330.000	33.588	
87.241	308.157	0.246	-4.012	-0.193		-357.500	205.244	123406.000	33.729	
88.241	300.399	0.220	-4.198	-0.129		-199.451	170.915	123482.000	33.682	
91.414	246.194	0.232	-4.155	0.103		-170.244	41.159	123557.000	33.635	
92.113	176.760	-0.009	-4.208	0.155		-68.720	-77.927	123631.000	33.682	
104.830	145.857	-0.597	-3.323	0.880		-161.463	-111.951	123706.000	33.682	
117.218	176.675	-0.096	-3.203	1.647		-80.122	-164.146	123785.000	33.588	
113.417	187.674	0.236	-4.050	1.754		284.390	-216.951	123862.000	33.635	
103.087	193.296	0.173	-3.146	0.731		573.781	-213.659	123937.000	33.682	
82.113	46.969	-0.661	-4.455	-0.617		455.793	-407.317	124013.000	33.635	
87.341	81.403	-0.620	-2.019	-0.094		22.622	450.671	124089.000	33.588	
95.797	230.033	0.543	-4.482	0.455		-274.512	70.183	124163.000	33.635	
94.597	210.666	0.181	-3.789	0.305		-323.537	116.402	124236.000	33.635	
91.009	260.735	0.413	-3.826	0.067		-250.183	-90.427	124312.000	33.588	
95.127	227.585	0.373	-3.799	0.341		-67.134	-98.293	124387.000	33.729	
89.525	273.708	0.527	-4.123	-0.034		153.171	-152.622	124461.000	33.635	
89.565	293.750	0.073	-4.241	-0.032		297.561	9.573	124536.000	33.682	
90.574	109.983	-0.107	-3.901	0.039		357.744	153.902	124609.000	33.682	
95.373	220.175	0.313	-3.936	0.370		493.963	229.939	124684.000	33.635	
112.343	239.956	2.710	-3.813	1.567		715.610	110.610	124758.000	33.635	
100.982	178.831	-0.018	-4.438	0.861		649.878	18.354	124832.000	33.682	
94.041	224.076	0.238	-3.483	0.246		482.073	102.378	124907.000	33.635	
103.347	232.517	1.043	-3.371	0.800		252.134	-122.683	124982.000	33.541	
105.125	220.378	0.827	-3.599	0.973		51.037	-122.744	125058.000	33.588	
100.433	240.298	1.255	-3.888	0.716		181.524	-142.317	125132.000	33.635	
99.299	244.437	1.239	-3.620	0.593		285.610	-91.037	125208.000	33.682	
99.366	239.298	1.104	-3.973	0.655		178.476	-54.390	125282.000	33.682	
97.200	241.160	0.800	-3.486	0.440		-69.695	-18.415	125356.000	33.729	
93.722	260.018	1.587	-4.294	0.279		15.854	4.268	125429.000	33.729	
95.672	252.158	1.165	-3.775	0.375		-106.829	31.341	125500.000	33.588	
99.102	250.757	1.365	-2.975	0.477		-26.220	85.305	125574.000	33.635	
99.778	245.202	1.427	-3.825	0.659		328.049	99.573	125647.000	33.635	
95.083	255.677	1.377	-3.952	0.352		499.207	106.646	125720.000	33.635	
94.538	249.266	0.792	-3.777	0.300		532.134	175.732	125794.000	33.729	
95.484	239.023	0.604	-3.773	0.362		258.110	272.073	125868.000	33.682	
91.202	265.020	0.941	-3.910	0.082		184.939	284.512	125941.000	33.588	
93.361	253.680	0.787	-3.925	0.230		65.549	278.232	126015.000	33.729	
101.708	214.921	0.772	-5.339	1.106		-186.402	160.976	126088.000	33.729	
106.933	171.959	-0.212	-4.927	1.500		116.951	26.463	126163.000	33.682	
115.719	168.580	-0.277	-2.851	1.373		-194.268	170.976	126238.000	33.682	
110.130	207.952	0.601	-3.088	1.132		-108.232	32.683	126316.000	33.682	
99.033	124.300	-0.799	-3.428	0.545		-186.585	10.488	126391.000	33.635	
96.415	152.530	-0.229	-3.926	0.441		-123.841	9.756	126466.000	33.729	
88.061	357.763	0.005	-3.691	-0.125		-102.744	-57.744	126539.000	33.541	
87.568	68.765	-0.513	-4.691	-0.199		40.183	-25.000	126615.000	33.635	
121.778	212.366	1.425	-3.629	2.248		-44.146	-95.305	126689.000	33.635	
104.033	239.838	1.697	-3.946	0.986		394.878	117.439	126764.000	33.776	
104.503	179.940	-0.001	-3.602	0.932		602.500	119.634	126838.000	33.635	
91.486	259.789	0.314	-2.184	0.057		320.610	254.268	126915.000	33.588	
101.456	182.993	0.031	-2.949	0.598		48.780	180.732	126989.000	33.776	
94.010	233.573	0.406	-4.276	0.300		-286.402	306.220	127063.000	33.682	
92.667	234.241	0.286	-4.424	0.206		-209.695	692.256	127137.000	33.729	
121.614	167.672	-0.695	-5.169	3.182		68.841	147.744	127212.000	33.682	
124.932	153.233	-0.949	-2.694	1.882		41.037	-49.207	127287.000	33.729	
113.538	166.767	-0.402	-3.928	1.711		149.024	-1.890	127362.000	33.635	
112.713	143.054	-0.708	-2.249	0.941		16.159	-209.268	127436.000	33.682	
106.316	152.278	-0.563	-3.663	1.072		4.268	-230.000	127513.000	33.635	
100.359	129.330	-0.757	-3.393	0.620		5.366	-192.988	127588.000	33.682	
96.723	121.902	-0.825	-4.357	0.514		-91.341	-209.512	127663.000	33.682	
106.646	178.513	-0.046	-5.915	1.769		33.049	-210.366	127738.000	33.541	
105.936	223.708	1.037	-3.800	1.085		1.585	-252.866	127814.000	33.682	
100.402	190.889	0.123	-3.484	0.640		54.695	47.073	127888.000	33.635	
102.158	132.956	-0.808	-3.490	0.752		-205.183	-77.439	127961.000	33.635	
99.699	233.524	0.435	-1.880	0.321		-520.915	-146.890	128037.000	33.588	
91.735	255.988	0.552	-4.547	0.138		-353.171	-249.146	128114.000	33.729	
90.580	130.601	-0.048	-4.050	0.041		-401.463	-63.049	128190.000	33.682	
108.133	172.100	-0.316	-6.963	2.280		-594.085	126.646	128266.000	33.729	
112.287	153.368	-0.843	-4.101	1.681		-342.744	-164.817	128343.000	33.635	
109.848	189.897	0.266	-4.218	1.522		-1007.073	-154.512	128420.000	33.682	
100.103	218.557	0.422	-2.971	0.529		-524.268	-266.402	128498.000	33.776	
94.840	211.034	0.142	-2.779	0.235		-428.293	-202.805	128576.000	33.729	
85.152	51.920	-0.451	-4.168	-0.354		-225.122	-195.000	128652.000	33.682	
85.167	57.724	-0.538	-4.020	-0.340		-102.012	-61.402	128729.000	33.635	
87.624	317.638	0.202	-5.342	-0.222		-151.463	-38.537	128804.000	33.635	
103.728	226.373	1.085	-4.233	1.034		-292.012	-205.793	128880.000	33.682	
96.819	196.727	0.164	-4.565	0.546		169.573	101.707	128957.000	33.729	
88.746	80.563	-0.358	-2.721	-0.060		73.902	115.061	129031.000	33.682	
96.931	194.662	0.088	-2.764	0.336		-235.183	-81.341	129105.000	33.682	
90.617	264.489	0.445	-3.993	0.043		-260.854	-87.195	129180.000	33.635	
90.647	250.419	0.146	-4.581	0.052		-302.927	-9.695	129255.000	33.729	
113.814	165.573	-0.648	-5.711	2.521		-551.707	36.829	129329.000	33.682	
112.476	143.632	-1.045	-3.430	1.419		-716.037	-310.976	129404.000	33.541	
109.564	195.248	0.345	-3.559	1.265		-1161.646	-325.427	129482.000	33.588	
101.114	179.384	-0.005	-2.312	0.454		-803.598	-340.183	129560.000	33.588	
92.897	228.187	0.231	-4.092	0.207		-539.939	-306.098	129639.000	33.588	
91.450	104.421	-0.479	-4.862	0.123		-262.927	-159.756	129715.000	33.635	
121.609	185.384	0.338	-5.825	3.585		-116.646	46.585	129792.000	33.682	
102.737	228.591	1.100	-4.290	0.970		-341.890	74.512	129866.000	33.635	
113.850	153.535	-0.893	-4.056	1.793		-225.854	95.610	129941.000	33.635	
99.929	194.415	0.134	-2.974	0.521		-332.744	-45.427	130017.000	33.541	
97.435	220.212	0.262	-2.372	0.310		-289.878	-189.207	130092.000	33.541	
89.817	271.882	0.416	-4.271	-0.014		-225.244	-195.915	130167.000	33.682	
92.421	196.654	0.068	-5.404	0.229		-373.537	-132.988	130245.000	33.682	
118.224	184.145	0.185	-4.745	2.547		-520.915	263.841	130321.000	33.824	
110.716	139.514	-1.162	-3.600	1.361		-656.768	-285.122	130397.000	33.682	
106.222	212.021	0.606	-3.333	0.970		-986.281	-186.037	130475.000	33.682	
91.756	192.529	0.014	-2.007	0.062		-572.317	-316.951	130551.000	33.635	
90.718	260.059	0.284	-3.976	0.050		-368.293	-201.402	130627.000	33.635	
93.139	154.225	-0.138	-5.199	0.285		38.780	-167.317	130704.000	33.729	
111.489	201.017	0.897	-5.934	2.336		194.756	-113.780	130779.000	33.682	
114.074	222.388	1.481	-3.633	1.623		-17.561	-3.659	130854.000	33.729	
113.901	175.500	-0.136	-3.892	1.725		65.915	145.854	130928.000	33.729	
94.204	153.323	-0.101	-2.724	0.200		-47.744	125.488	131003.000	33.776	
106.600	227.338	0.535	-1.654	0.493		-192.805	-48.049	131078.000	33.682	
88.347	293.138	0.336	-4.974	-0.144		-176.037	-195.671	131153.000	33.729	
91.545	248.624	0.387	-5.611	0.151		-246.280	-0.671	131230.000	33.635	
116.884	190.310	0.483	-5.241	2.657		-155.549	276.463	131305.000	33.635	
119.135	148.532	-1.152	-3.378	1.883		-458.415	-127.134	131381.000	33.682	
107.284	218.979	0.965	-3.832	1.192		-774.634	-110.793	131459.000	33.682	
93.405	256.885	0.373	-1.461	0.087		-477.744	-285.732	131535.000	33.729	
93.946	226.348	0.255	-3.525	0.243		-334.634	-187.317	131611.000	33.682	
92.880	136.144	-0.264	-5.454	0.274		-1.402	-146.463	131687.000	33.635	
94.560	222.309	0.356	-4.910	0.392		38.171	-126.402	131762.000	33.682	
123.480	213.245	1.472	-3.395	2.245		46.524	-188.598	131836.000	33.682	
107.830	204.869	0.701	-4.703	1.513		197.805	-0.488	131911.000	33.635	
100.013	165.502	-0.110	-2.417	0.427		186.585	272.073	131985.000	33.682	
105.444	211.784	0.240	-1.403	0.388		-51.098	31.707	132061.000	33.729	
92.787	247.871	0.528	-4.413	0.215		-112.256	-22.561	132134.000	33.635	
96.067	231.712	0.719	-5.338	0.567		-126.524	27.561	132209.000	33.824	
110.364	194.946	0.508	-5.125	1.902		-114.695	234.329	132283.000	33.588	
119.501	160.240	-0.695	-3.421	1.936		-205.732	31.402	132359.000	33.729	
104.363	219.376	0.836	-3.978	1.019		-449.451	-50.976	132435.000	33.682	
91.725	263.810	0.450	-1.621	0.049		-296.707	-288.720	132511.000	33.729	
96.961	219.230	0.252	-2.527	0.309		-160.854	-160.732	132587.000	33.682	
98.005	184.212	0.063	-6.034	0.849		219.817	-8.841	132663.000	33.635	
93.974	230.366	0.449	-5.356	0.372		160.244	-150.000	132736.000	33.635	
127.988	216.678	1.844	-3.170	2.476		203.537	-85.183	132810.000	33.776	
106.470	202.152	0.548	-4.552	1.346		498.415	245.366	132885.000	33.635	
85.846	10.273	-0.028	-2.151	-0.156		316.585	340.976	132960.000	33.729	
78.570	302.923	0.391	-1.251	-0.253		178.841	186.463	133036.000	33.776	
91.349	216.946	0.089	-5.018	0.118		80.244	-27.988	133110.000	33.635	
86.050	324.008	0.277	-5.530	-0.382		-263.476	22.744	133183.000	33.635	
120.379	187.631	0.396	-5.036	2.952		-227.439	315.976	133258.000	33.682	
107.660	154.125	-0.665	-4.307	1.371		-246.341	-148.720	133334.000	33.729	
97.246	245.004	0.896	-3.287	0.418		-503.720	-176.402	133411.000	33.682	
82.752	27.135	-0.080	-1.229	-0.156		-222.317	-207.439	133487.000	33.635	
87.155	294.453	0.475	-4.343	-0.216		-100.000	-130.061	133565.000	33.729	
88.647	66.801	-0.287	-5.211	-0.123		178.232	30.732	133642.000	33.682	
130.419	194.206	1.237	-5.739	4.888		448.415	150.305	133715.000	33.729	
97.059	246.235	1.293	-4.598	0.569		58.171	-42.195	133790.000	33.729	
103.807	135.148	-0.940	-3.847	0.945		218.598	183.415	133863.000	33.729	
77.694	28.301	-0.219	-1.862	-0.406		48.415	72.012	133939.000	33.682	
93.795	246.086	0.319	-2.135	0.142		-165.122	-212.073	134011.000	33.682	
88.963	40.267	-0.070	-4.588	-0.083		-235.915	-66.159	134087.000	33.729	
89.160	76.528	-0.351	-5.729	-0.084		-341.585	105.488	134164.000	33.588	
114.048	172.226	-0.271	-4.440	1.981		-3.902	-77.378	134240.000	33.729	
111.010	181.714	0.044	-3.824	1.469		-565.671	-174.451	134315.000	33.682	
95.637	233.330	0.359	-2.711	0.268		-210.427	-206.220	134391.000	33.682	
95.414	120.290	-0.209	-1.288	0.122		-87.805	-102.622	134467.000	33.729	
89.134	297.065	0.134	-4.524	-0.068		-119.878	-117.805	134543.000	33.776	
90.961	103.927	-0.362	-5.354	0.090		94.329	-23.841	134620.000	33.729	
115.599	209.280	0.979	-3.643	1.745		252.927	170.366	134693.000	33.635	
94.195	255.803	1.062	-3.661	0.269		277.988	91.098	134769.000	33.588	
105.400	140.314	-0.919	-4.021	1.107		135.000	96.768	134842.000	33.682	
80.770	26.983	-0.136	-1.641	-0.267		-36.768	36.829	134917.000	33.635	
91.389	263.471	0.358	-1.691	0.041		-158.110	-215.427	134990.000	33.635	
89.777	302.471	0.032	-5.280	-0.021		-240.183	-143.841	135066.000	33.682	
83.099	327.240	0.434	-5.567	-0.674		-196.646	237.195	135143.000	33.682	
119.392	173.189	-0.296	-4.398	2.478		-159.085	-93.110	135219.000	33.729	
115.074	185.228	0.164	-3.832	1.793		-845.854	-188.293	135297.000	33.682	
99.776	237.260	0.659	-2.460	0.424		-542.500	-275.671	135373.000	33.824	
101.407	148.346	-0.124	-0.997	0.201		-385.488	-99.207	135449.000	33.682	
91.051	256.608	0.431	-5.587	0.103		-253.232	-157.378	135526.000	33.682	
89.841	88.278	-0.487	-5.272	-0.015		-7.744	-136.159	135602.000	33.635	
121.329	208.332	1.143	-3.481	2.119		-17.012	71.768	135676.000	33.682	
92.849	261.070	1.280	-4.042	0.201		43.049	160.610	135750.000	33.682	
102.618	140.429	-0.660	-3.568	0.799		2.683	181.890	135823.000	33.682	
68.516	349.482	0.056	-0.762	-0.300		-74.695	154.024	135898.000	33.776	
89.128	277.696	0.253	-2.245	-0.034		-38.293	-125.122	135972.000	33.635	
92.077	205.624	0.104	-5.952	0.216		-200.183	-95.488	136048.000	33.682	
82.906	2.793	-0.033	-5.470	-0.681		-234.451	99.695	136123.000	33.635	
112.930	159.924	-0.651	-4.213	1.782		-147.866	-44.024	136197.000	33.635	
115.283	161.949	-0.614	-3.990	1.885		-767.256	-98.720	136273.000	33.729	
95.451	254.065	0.715	-2.139	0.204		-692.500	-357.195	136350.000	33.776	
75.583	327.853	0.134	-0.828	-0.213		-384.756	-210.122	136427.000	33.729	
92.695	246.366	0.603	-5.601	0.264		-100.183	-127.378	136504.000	33.588	
90.322	95.745	-0.320	-5.732	0.032		117.378	-182.927	136580.000	33.635	
118.618	210.647	1.204	-3.725	2.032		49.634	-32.195	136654.000	33.682	
100.791	238.009	1.077	-3.530	0.673		232.927	248.110	136728.000	33.776	
99.680	142.354	-0.379	-2.880	0.491		205.549	313.720	136803.000	33.635	
74.555	339.617	0.079	-0.771	-0.213		-1.829	127.561	136878.000	33.588	
95.196	219.896	0.254	-3.340	0.304		-116.220	-132.500	136951.000	33.682	
91.179	245.064	0.265	-5.979	0.123		-400.854	-41.159	137028.000	33.729	
109.746	161.788	-0.744	-6.301	2.262		-451.707	219.817	137103.000	33.682	
124.362	165.551	-0.763	-4.329	2.960		-199.817	-165.122	137180.000	33.729	
106.173	234.372	1.575	-3.893	1.129		-369.573	-122.317	137257.000	33.635	
80.205	302.602	0.360	-1.335	-0.230		-117.988	-257.866	137334.000	33.682	
96.434	179.789	-0.001	-2.347	0.265		-94.268	-5.610	137411.000	33.682	
91.499	182.936	0.008	-5.823	0.152		211.829	-10.427	137485.000	33.776	
91.644	212.521	0.093	-5.070	0.146		269.634	-129.573	137560.000	33.824	
120.013	214.260	1.396	-3.547	2.049		89.878	-129.817	137634.000	33.635	
110.546	208.470	0.833	-4.099	1.536		423.415	278.720	137709.000	33.776	
98.486	149.452	-0.211	-2.396	0.357		359.939	227.134	137784.000	33.635	
71.847	317.869	0.194	-0.655	-0.215		41.341	83.598	137859.000	33.635	
94.395	218.339	0.321	-5.286	0.406		-143.902	-90.122	137931.000	33.729	
88.362	290.461	0.450	-5.874	-0.168		-272.439	10.915	138006.000	33.682	
117.061	194.877	0.726	-5.347	2.731		-163.293	258.232	138081.000	33.729	
112.716	137.991	-1.426	-3.781	1.583		-284.695	-212.622	138158.000	33.682	
102.559	240.275	1.231	-3.156	0.703		-539.024	-236.829	138235.000	33.588	
17.249	308.932	0.300	-0.075	-0.242		-146.402	-200.549	138312.000	33.729	
88.804	280.438	0.445	-3.930	-0.082		-49.329	-117.134	138389.000	33.682	
92.426	140.419	-0.224	-6.385	0.271		302.866	-72.378	138465.000	33.729	
126.916	198.435	1.312	-5.237	3.935		352.073	89.024	138540.000	33.588	
99.293	243.746	1.441	-4.345	0.711		69.634	108.171	138613.000	33.682	
113.613	159.671	-0.571	-3.527	1.542		210.549	246.585	138686.000	33.729	
77.983	25.852	-0.138	-1.335	-0.284		-33.293	133.780	138763.000	33.682	
96.300	246.230	0.459	-1.831	0.202		-143.415	-127.256	138838.000	33.682	
93.354	184.426	0.024	-5.382	0.315		-244.878	-147.378	138913.000	33.729	
91.555	118.543	-0.289	-5.792	0.157		-369.207	164.878	138989.000	33.588	
118.870	160.706	-0.912	-4.726	2.605		-154.634	-269.756	139065.000	33.729	
112.126	196.436	0.483	-4.030	1.639		-862.073	-190.122	139143.000	33.729	
88.213	275.119	0.469	-1.346	-0.042		-545.183	-375.610	139219.000	33.776	
91.065	221.634	0.031	-1.891	0.035		-307.744	-62.805	139297.000	33.682	
94.362	218.797	0.360	-5.877	0.448		113.354	-85.671	139372.000	33.682	
92.023	109.688	-0.519	-5.253	0.186		185.549	-73.537	139446.000	33.729	
126.602	201.665	1.068	-3.621	2.689		-238.902	-75.427	139521.000	33.682	
112.150	156.349	-0.645	-3.615	1.472		122.561	428.476	139596.000	33.729	
93.656	106.005	-0.616	-2.767	0.177		48.720	224.756	139672.000	33.729	
99.404	212.089	0.113	-1.091	0.181		-353.293	-271.159	139746.000	33.588	
94.093	184.750	0.027	-4.600	0.329		-348.415	-303.415	139823.000	33.824	
89.413	279.605	0.317	-5.245	-0.054		-553.415	-7.622	139898.000	33.776	
129.336	174.710	-0.385	-5.070	4.155		-758.293	64.207	139973.000	33.729	
114.679	136.340	-1.406	-3.207	1.474		-963.415	-364.512	140049.000	33.682	
114.440	202.560	0.415	-2.198	0.999		-1190.488	-404.817	140127.000	33.824	
96.455	242.564	0.408	-1.873	0.212		-678.476	-138.415	140205.000	33.635	
92.047	222.496	0.160	-4.892	0.175		-243.841	-188.720	140280.000	33.682	
91.047	100.861	-0.504	-5.290	0.097		65.854	-151.220	140357.000	33.729	
125.518	177.768	-0.125	-4.493	3.207		48.659	52.378	140432.000	33.682	
101.094	243.897	1.555	-3.885	0.762		-133.841	123.415	140506.000	33.682	
111.912	150.945	-0.913	-4.086	1.644		-149.695	171.098	140581.000	33.729	
96.004	138.122	-0.178	-1.885	0.198		-347.317	0.000	140658.000	33.635	
92.183	254.055	0.335	-2.511	0.096		-397.195	-194.573	140732.000	33.729	
98.578	193.044	0.154	-4.415	0.666		-399.939	-142.378	140808.000	33.776	
89.456	281.056	0.255	-5.244	-0.050		-375.793	-76.159	140883.000	33.729	
114.910	160.866	-0.714	-4.431	2.058		-238.476	-1.768	140960.000	33.682	
115.995	137.896	-1.356	-3.078	1.501		-950.854	-332.683	141036.000	33.729	
110.138	190.213	0.165	-2.498	0.916		-1088.171	-422.988	141114.000	33.635	
96.346	223.336	0.114	-1.089	0.121		-717.927	-252.500	141192.000	33.729	
94.950	201.375	0.178	-5.243	0.454		-300.000	-260.427	141267.000	33.776	
94.891	144.028	-0.352	-5.660	0.484		31.037	-261.829	141343.000	33.729	
120.470	192.731	0.715	-5.378	3.164		405.854	21.707	141419.000	33.635	
116.754	221.250	1.566	-3.543	1.786		-2.744	54.878	141493.000	33.635	
113.343	192.787	0.349	-3.560	1.536		-111.402	-8.780	141565.000	33.682	
97.545	152.798	-0.180	-2.640	0.350		-202.622	83.293	141640.000	33.682	
92.503	266.256	0.851	-1.273	0.056		-269.573	7.561	141715.000	33.729	
89.011	278.424	0.587	-5.035	-0.087		-192.439	-209.817	141788.000	33.729	
89.337	284.387	0.263	-5.821	-0.067		-295.732	85.793	141864.000	33.729	
128.177	186.931	0.405	-4.240	3.334		-444.878	235.488	141939.000	33.729	
106.989	138.164	-1.085	-3.967	1.212		-473.354	-262.256	142015.000	33.682	
106.512	233.488	1.057	-2.639	0.782		-631.707	-287.317	142094.000	33.682	
94.554	231.009	0.144	-1.459	0.116		-347.622	-193.902	142171.000	33.729	
94.966	243.793	0.879	-4.979	0.433		-138.354	-140.061	142246.000	33.682	
90.799	108.130	-0.221	-5.181	0.072		299.024	-125.610	142322.000	33.635	
123.991	187.936	0.539	-5.735	3.867		327.439	44.146	142398.000	33.682	
108.101	230.250	1.485	-3.779	1.235		-455.061	100.000	142472.000	33.729	
113.414	151.900	-0.968	-4.186	1.813		-474.451	114.451	142547.000	33.682	
98.585	184.485	0.023	-1.979	0.299		-776.098	-146.159	142625.000	33.729	
105.300	229.006	0.724	-2.299	0.629		-698.902	-484.695	142701.000	33.776	
85.301	300.677	0.634	-4.574	-0.376		-403.049	-242.439	142778.000	33.682	
91.166	263.380	0.900	-5.136	0.104		-359.390	-2.866	142855.000	33.729	
132.892	187.568	0.506	-4.099	3.808		-57.744	179.878	142928.000	33.635	
109.180	135.685	-1.089	-3.206	1.115		-912.012	-206.280	143003.000	33.682	
108.051	224.843	0.710	-2.190	0.714		-991.829	-286.280	143082.000	33.682	
101.384	193.936	0.065	-1.310	0.264		-595.183	-109.024	143159.000	33.729	
91.104	258.074	0.453	-4.967	0.096		-225.732	-62.195	143236.000	33.588	
91.577	132.374	-0.167	-5.535	0.152		107.622	-14.268	143310.000	33.729	
107.439	204.326	1.068	-7.523	2.363		287.256	-11.524	143385.000	33.682	
115.373	228.692	1.853	-3.433	1.628		132.073	56.707	143460.000	33.729	
109.696	169.026	-0.286	-4.122	1.476		339.695	175.122	143534.000	33.635	
90.152	91.900	-0.206	-2.584	0.007		78.963	217.500	143609.000	33.588	
94.975	254.919	0.489	-1.515	0.132		-49.085	12.134	143683.000	33.776	
91.434	218.830	0.097	-4.798	0.120		-89.634	-103.537	143756.000	33.682	
86.896	321.784	0.231	-5.421	-0.294		-322.866	117.134	143831.000	33.729	
125.414	184.540	0.304	-5.380	3.825		-251.159	306.280	143906.000	33.682	
109.383	154.321	-0.661	-3.908	1.375		-152.805	-130.671	143982.000	33.541	
104.567	237.303	1.394	-3.442	0.895		-285.549	-122.561	144060.000	33.729	
76.757	25.175	-0.146	-1.315	-0.310		-68.476	-144.207	144137.000	33.682	
94.479	219.289	0.211	-3.291	0.258		-202.134	-110.854	144214.000	33.635	
93.241	170.106	-0.059	-5.932	0.336		206.220	-13.476	144289.000	33.776	
90.526	250.602	0.139	-5.316	0.049		137.195	-18.537	144364.000	33.729	
113.627	231.154	2.413	-4.442	1.943		92.317	-159.634	144438.000	33.635	
108.113	195.718	0.385	-4.180	1.367		580.976	340.061	144513.000	33.682	
88.035	52.267	-0.082	-1.851	-0.063		522.134	228.171	144587.000	33.635	
98.366	237.663	0.378	-1.627	0.239		226.951	197.744	144662.000	33.635	
93.012	203.399	0.116	-5.104	0.269		16.037	-3.049	144736.000	33.635	
88.228	284.860	0.637	-5.460	-0.169		-85.000	111.524	144807.000	33.635	
120.393	198.327	0.930	-4.785	2.807		-51.646	308.232	144883.000	33.588	
115.121	158.889	-0.650	-3.593	1.685		-50.549	-85.244	144958.000	33.824	
102.443	241.822	1.683	-4.085	0.901		-138.476	-155.183	145034.000	33.682	
82.058	306.640	0.313	-1.666	-0.232		90.000	-70.610	145111.000	33.729	
97.356	200.016	0.100	-2.118	0.273		72.439	-28.232	145184.000	33.729	
88.789	298.217	0.240	-6.097	-0.129		299.939	58.049	145257.000	33.682	
85.693	15.290	-0.111	-5.407	-0.407		293.537	-52.988	145331.000	33.682	
135.855	223.633	2.816	-2.867	2.954		502.134	-164.939	145405.000	33.729	
116.404	219.261	1.866	-4.599	2.283		1031.159	533.476	145482.000	33.682	
94.094	110.343	-0.461	-2.388	0.171		1116.098	318.110	145558.000	33.635	
90.618	98.945	-0.105	-1.539	0.017		551.890	219.573	145634.000	33.682	
92.992	230.741	0.305	-4.765	0.249		248.049	34.390	145708.000	33.682	
89.823	271.844	0.576	-6.005	-0.019		22.988	210.854	145780.000	33.682	
126.196	198.950	1.317	-5.243	3.837		-81.402	377.988	145854.000	33.729	
115.980	162.998	-0.538	-3.611	1.760		199.878	-86.037	145929.000	33.776	
107.031	233.819	1.509	-3.603	1.104		51.524	-66.524	146004.000	33.729	
89.793	272.095	0.160	-1.624	-0.006		290.061	26.037	146079.000	33.729	
100.726	187.377	0.057	-2.310	0.438		251.768	83.720	146153.000	33.729	
94.272	209.340	0.252	-6.000	0.448		300.366	73.476	146227.000	33.682	
90.321	170.538	-0.005	-5.225	0.029		246.220	-72.439	146299.000	33.682	
132.724	220.273	2.389	-3.053	2.819		325.732	-123.902	146374.000	33.635	
115.585	204.178	0.940	-4.375	2.095		904.817	387.439	146450.000	33.729	
103.755	141.751	-0.316	-1.640	0.401		792.622	312.988	146525.000	33.682	
92.319	260.638	0.272	-1.109	0.045		419.817	248.780	146600.000	33.729	
95.670	210.642	0.319	-5.430	0.539		133.171	-58.110	146674.000	33.682	
94.410	242.179	0.881	-6.027	0.465		-102.439	178.110	146749.000	33.776	
128.425	201.993	1.299	-4.054	3.216		230.305	125.305	146824.000	33.635	
119.287	149.309	-1.025	-3.080	1.728		-155.793	-138.720	146898.000	33.729	
104.995	238.361	1.379	-3.172	0.850		-217.195	-258.659	146976.000	33.729	
98.301	131.766	-0.210	-1.285	0.188		74.939	34.451	147053.000	33.635	
97.232	195.606	0.128	-3.609	0.458		-29.085	-81.646	147126.000	33.729	
92.655	232.530	0.355	-5.876	0.272		171.037	32.439	147200.000	33.635	
103.325	218.789	1.060	-5.566	1.318		187.439	-91.646	147272.000	33.729	
117.639	226.640	2.105	-3.797	1.988		243.354	-62.195	147348.000	33.635	
111.629	190.237	0.313	-4.364	1.730		409.451	121.585	147423.000	33.729	
93.458	121.164	-0.205	-2.053	0.124		367.866	294.512	147497.000	33.635	
97.302	232.360	0.265	-1.593	0.204		151.280	155.732	147572.000	33.682	
92.604	223.112	0.215	-5.047	0.229		-2.683	-33.841	147646.000	33.682	
93.182	246.299	0.736	-5.813	0.323		-4.329	-38.110	147719.000	33.776	
114.411	200.871	0.896	-5.175	2.349		222.561	175.122	147791.000	33.729	
125.672	153.725	-0.877	-2.475	1.776		-212.378	-211.951	147866.000	33.635	
106.782	227.181	1.104	-3.394	1.023		-277.439	-161.890	147945.000	33.729	
101.372	221.534	0.311	-1.743	0.351		-128.659	-231.341	148022.000	33.682	
93.350	223.201	0.181	-3.287	0.192		-63.415	-87.317	148099.000	33.776	
97.107	204.378	0.316	-5.601	0.698		212.317	148.963	148172.000	33.776	
97.361	221.115	0.637	-5.646	0.729		126.463	-56.951	148246.000	33.682	
119.677	230.569	2.083	-3.006	1.713		237.134	-30.854	148320.000	33.635	
109.874	206.742	0.763	-4.188	1.514		553.781	238.902	148395.000	33.776	
100.312	162.350	-0.164	-2.834	0.516		383.354	255.732	148469.000	33.682	
89.504	273.403	0.181	-1.241	-0.011		241.585	174.024	148546.000	33.824	
90.391	266.518	0.481	-4.291	0.029		140.854	-9.512	148621.000	33.588	
90.819	260.963	0.534	-5.943	0.085		-42.500	20.244	148694.000	33.682	
107.747	157.388	-0.833	-6.249	2.000		-280.793	190.183	148766.000	33.682	
129.528	174.885	-0.279	-3.781	3.120		-157.683	-154.268	148843.000	33.824	
106.128	232.524	1.465	-3.884	1.123		-134.573	-65.854	148921.000	33.729	
84.798	290.154	0.474	-1.909	-0.174		80.610	-95.427	148997.000	33.776	
86.885	47.144	-0.095	-1.615	-0.088		213.720	27.500	149070.000	33.635	
95.792	194.514	0.149	-5.689	0.577		202.927	12.317	149145.000	33.729	
96.636	160.458	-0.225	-5.439	0.633		187.378	-45.366	149218.000	33.729	
125.139	223.101	2.763	-4.194	2.952		50.488	-194.817	149293.000	33.682	
112.616	195.876	0.452	-3.816	1.590		698.049	335.366	149367.000	33.729	
92.094	118.811	-0.137	-2.057	0.075		481.890	309.939	149442.000	33.635	
83.621	288.836	0.418	-1.275	-0.143		315.122	250.244	149517.000	33.682	
95.076	235.285	0.598	-4.661	0.414		318.171	99.634	149592.000	33.635	
91.464	248.479	0.379	-5.845	0.149		110.793	111.890	149664.000	33.729	
127.544	190.696	0.729	-5.025	3.862		-30.671	254.390	149739.000	33.729	
114.865	149.611	-1.057	-3.888	1.802		7.561	-307.744	149814.000	33.682	
107.043	238.678	1.966	-3.902	1.196		-301.829	-131.341	149889.000	33.729	
70.021	307.077	0.560	-1.163	-0.423		11.402	-20.549	149965.000	33.776	
101.461	192.118	0.105	-2.423	0.491		68.598	32.378	150039.000	33.682	
94.462	173.937	-0.052	-6.245	0.487		233.963	-9.268	150112.000	33.682	
89.267	284.432	0.266	-5.344	-0.068		206.280	-181.524	150185.000	33.729	
110.146	240.048	2.498	-3.924	1.439		188.598	-231.037	150261.000	33.682	
115.455	210.803	1.189	-4.191	1.995		897.012	387.622	150338.000	33.729	
97.485	153.083	-0.129	-1.933	0.254		779.207	368.476	150413.000	33.682	
90.344	268.178	0.215	-1.138	0.007		421.341	313.841	150488.000	33.682	
94.083	221.123	0.329	-5.281	0.377		196.159	80.244	150561.000	33.729	
91.149	256.048	0.472	-5.842	0.117		-79.024	238.537	150634.000	33.635	
128.182	190.157	0.640	-4.540	3.570		20.122	285.244	150708.000	33.729	
111.126	153.978	-0.707	-3.748	1.448		79.268	-154.512	150781.000	33.776	
104.899	241.195	1.714	-3.542	0.942		-56.585	-136.402	150857.000	33.729	
72.753	12.321	-0.081	-1.195	-0.371		26.220	-90.305	150933.000	33.729	
97.102	214.794	0.185	-2.132	0.266		62.500	46.524	151008.000	33.776	
96.291	206.363	0.330	-6.041	0.666		518.110	93.415	151079.000	33.682	
89.284	279.660	0.413	-5.623	-0.070		358.780	-76.037	151152.000	33.682	
119.614	224.481	2.191	-3.926	2.231		84.146	-325.427	151227.000	33.635	
110.709	185.856	0.168	-4.332	1.638		641.951	377.561	151302.000	33.729	
85.702	76.862	-0.397	-1.234	-0.093		437.134	328.659	151376.000	33.588	
83.177	285.907	0.384	-0.914	-0.109		304.512	118.476	151451.000	33.729	
96.103	199.111	0.223	-6.010	0.643		-31.159	-128.232	151526.000	33.635	
92.013	252.103	0.626	-5.750	0.202		-189.512	184.390	151602.000	33.682	
135.189	192.160	0.672	-3.098	3.118		30.976	212.195	151676.000	33.729	
114.053	159.076	-0.647	-3.794	1.693		-281.890	-195.610	151750.000	33.635	
103.139	233.796	0.827	-2.594	0.605		-215.732	-262.073	151828.000	33.729	
58.830	18.609	-0.162	-0.796	-0.481		-119.146	-24.756	151905.000	33.682	
94.376	249.284	0.958	-4.734	0.362		-187.012	-99.451	151981.000	33.635	
95.287	179.014	-0.010	-6.131	0.567		374.390	-158.476	152055.000	33.776	
141.504	205.248	1.694	-2.857	3.593		297.256	66.524	152131.000	33.729	
107.636	227.524	1.480	-4.264	1.355		522.988	369.451	152206.000	33.635	
106.260	164.632	-0.173	-2.156	0.629		623.537	330.732	152281.000	33.682	
18.707	357.475	0.024	-0.188	-0.554		167.927	161.524	152356.000	33.729	
97.074	170.353	-0.125	-5.926	0.735		101.280	-14.695	152431.000	33.682	
91.477	254.650	0.548	-5.832	0.150		-252.012	178.963	152506.000	33.729	
132.442	198.735	1.154	-3.722	3.403		154.634	12.134	152581.000	33.729	
108.319	151.537	-0.622	-3.466	1.147		-181.098	-239.512	152654.000	33.682	
95.558	258.129	1.129	-2.438	0.237		-155.610	-283.902	152733.000	33.729	
74.892	3.576	-0.015	-0.868	-0.234		-43.963	129.085	152809.000	33.682	
95.782	232.686	0.682	-5.131	0.520		-64.573	-28.537	152883.000	33.729	
95.375	185.204	0.047	-5.470	0.515		271.585	-75.671	152956.000	33.635	
139.103	221.945	2.832	-2.729	3.151		201.159	-34.634	153030.000	33.588	
112.120	214.577	1.202	-4.291	1.744		606.341	446.646	153105.000	33.776	
95.152	135.000	-0.170	-1.885	0.170		779.878	391.585	153180.000	33.635	
30.403	47.812	-0.261	-0.139	-0.236		253.354	288.476	153254.000	33.729	
99.972	203.041	0.476	-6.359	1.118		106.890	46.768	153329.000	33.682	
89.642	272.504	0.826	-5.788	-0.036		16.341	207.561	153403.000	33.635	
133.977	195.943	0.921	-3.341	3.224		346.585	12.805	153477.000	33.729	
111.379	165.983	-0.350	-3.577	1.400		107.744	-95.183	153550.000	33.635	
92.940	260.196	0.876	-2.947	0.151		51.463	-227.195	153626.000	33.682	
70.720	27.634	-0.185	-1.008	-0.353		193.049	224.329	153700.000	33.729	
93.842	244.126	0.521	-3.767	0.253		78.110	66.159	153775.000	33.635	
94.520	163.233	-0.138	-5.781	0.457		447.561	67.378	153846.000	33.635	
137.878	200.214	1.904	-4.677	5.172		493.963	280.122	153920.000	33.682	
99.592	255.502	2.961	-4.530	0.766		921.220	240.244	153995.000	33.682	
116.885	174.592	-0.147	-3.072	1.558		1087.988	371.890	154070.000	33.635	
88.690	5.194	-0.001	-0.470	-0.011		676.341	261.890	154146.000	33.682	
94.462	231.054	0.356	-3.691	0.288		265.610	162.561	154220.000	33.635	
97.405	236.101	1.173	-6.063	0.788		-69.817	110.061	154294.000	33.729	
103.921	175.140	-0.123	-5.839	1.447		-162.439	227.744	154368.000	33.824	
129.533	192.062	0.625	-3.544	2.925		343.902	-195.732	154444.000	33.729	
110.376	221.549	1.134	-3.444	1.279		69.512	-111.829	154520.000	33.729	
93.115	259.060	0.495	-1.759	0.096		134.268	134.268	154595.000	33.776	
111.317	143.319	-0.319	-1.099	0.429		-8.720	253.293	154670.000	33.729	
96.509	231.479	0.886	-6.180	0.705		11.951	94.695	154744.000	33.682	
95.930	203.912	0.275	-5.979	0.621		246.037	-90.000	154816.000	33.729	
138.125	204.637	1.531	-2.993	3.339		127.988	-200.793	154890.000	33.729	
118.051	217.624	1.386	-3.374	1.798		564.146	358.049	154966.000	33.635	
106.894	160.040	-0.281	-2.550	0.774		319.573	206.341	155040.000	33.729	
67.370	299.086	0.304	-0.405	-0.169		159.634	85.122	155116.000	33.682	
87.406	298.124	0.396	-4.677	-0.212		35.976	-91.707	155190.000	33.729	
93.934	232.855	0.552	-6.077	0.418		-82.622	86.707	155265.000	33.729	
121.483	179.678	-0.021	-6.251	3.828		-159.634	292.256	155337.000	33.635	
123.094	159.965	-0.970	-4.080	2.659		90.183	-110.732	155414.000	33.635	
108.001	232.745	1.342	-3.141	1.021		-248.293	-118.415	155490.000	33.776	
14.395	46.397	-0.308	-0.075	-0.293		-107.927	-68.110	155567.000	33.729	
93.177	237.955	0.256	-2.886	0.160		-249.817	-170.061	155642.000	33.682	
99.947	198.448	0.420	-7.178	1.259		244.451	-158.841	155718.000	33.729	
131.759	200.112	1.767	-5.403	4.824		327.683	54.451	155793.000	33.776	
107.274	235.751	1.974	-4.321	1.344		342.744	136.341	155868.000	33.682	
113.724	160.648	-0.435	-2.815	1.237		564.329	327.561	155942.000	33.729	
43.234	18.517	-0.137	-0.384	-0.408		315.000	182.988	156018.000	33.682	
92.730	246.496	0.375	-3.420	0.163		197.439	-3.232	156093.000	33.729	
94.972	216.917	0.431	-6.590	0.573		18.841	215.915	156166.000	33.635	
123.943	151.932	-2.006	-5.589	3.762		-577.317	132.988	156238.000	33.729	
113.744	162.722	-0.772	-5.646	2.483		-276.098	-248.659	156315.000	33.682	
105.085	241.112	1.575	-3.225	0.869		-574.878	-227.012	156394.000	33.729	
322.041	0.531	-0.007	0.575	-0.737		-141.829	-179.390	156471.000	33.635	
89.151	274.935	0.701	-4.088	-0.061		-97.500	-38.720	156547.000	33.682	
96.041	176.884	-0.037	-6.441	0.682		271.890	-225.732	156621.000	33.635	
137.402	210.565	3.181	-4.952	5.386		679.878	265.671	156697.000	33.682	
104.108	234.588	1.808	-5.113	1.285		123.049	113.963	156772.000	33.635	
111.751	168.859	-0.226	-2.871	1.146		356.159	284.512	156847.000	33.729	
38.766	3.792	-0.034	-0.414	-0.516		77.439	78.293	156922.000	33.682	
96.324	225.575	0.295	-2.608	0.289		-106.220	-110.549	156995.000	33.682	
94.096	238.379	0.709	-6.096	0.437		-220.671	59.268	157071.000	33.635	
97.371	128.608	-0.931	-5.745	0.743		-305.549	331.707	157145.000	33.776	
120.220	172.209	-0.376	-4.718	2.748		59.756	-81.220	157220.000	33.729	
111.222	226.099	1.660	-4.114	1.598		-343.476	-130.366	157295.000	33.729	
77.956	338.106	0.084	-0.979	-0.209		-96.220	-127.195	157372.000	33.729	
76.148	22.581	-0.169	-1.647	-0.406		-122.805	19.512	157448.000	33.729	
95.894	239.553	1.040	-5.922	0.611		266.951	-15.854	157522.000	33.776	
88.812	68.976	-0.287	-5.323	-0.110		478.537	-13.293	157597.000	33.729	
124.557	215.328	1.994	-4.085	2.813		461.829	133.841	157672.000	33.776	
112.807	189.815	0.315	-4.336	1.823		708.110	252.073	157747.000	33.682	
94.628	101.188	-0.617	-1.508	0.122		524.695	389.939	157821.000	33.635	
90.765	268.343	0.236	-0.512	0.007		147.927	74.695	157896.000	33.729	
96.894	203.279	0.361	-6.946	0.840		103.049	27.561	157969.000	33.682	
91.888	248.009	0.457	-5.601	0.185		-101.707	209.939	158042.000	33.776	
129.692	204.506	1.447	-3.825	3.175		236.098	156.280	158116.000	33.729	
104.929	154.080	-0.560	-4.318	1.151		203.293	-182.561	158192.000	33.635	
100.361	248.304	1.281	-2.788	0.510		-265.976	-212.988	158269.000	33.729	
32.797	350.250	0.070	-0.264	-0.409		62.378	109.146	158346.000	33.776	
95.990	214.199	0.429	-6.013	0.631		-114.939	-17.866	158419.000	33.682	
92.607	159.023	-0.095	-5.426	0.247		352.012	133.476	158494.000	33.729	
145.609	197.882	1.415	-3.002	4.386		168.171	-85.427	158569.000	33.682	
107.322	234.306	2.102	-4.841	1.510		569.268	300.427	158644.000	33.729	
113.728	182.366	0.034	-1.882	0.827		987.073	413.598	158718.000	33.635	
20.556	39.019	-0.184	-0.085	-0.227		423.537	294.939	158794.000	33.682	
93.320	203.518	0.138	-5.454	0.316		305.000	78.963	158869.000	33.635	
91.405	257.462	0.646	-5.854	0.144		1.524	246.463	158942.000	33.635	
136.700	198.132	1.564	-4.502	4.777		49.268	306.463	159013.000	33.635	
115.762	151.907	-1.049	-4.071	1.965		4.085	-225.915	159087.000	33.635	
105.707	247.921	1.806	-2.604	0.732		-57.256	-266.159	159162.000	33.635	
30.635	24.071	-0.213	-0.282	-0.477		121.890	53.659	159238.000	33.635	
92.170	237.588	0.246	-4.123	0.156		-159.268	-32.561	159311.000	33.729	
93.401	227.690	0.381	-5.834	0.347		407.683	-10.427	159386.000	33.588	
137.947	200.500	1.846	-4.453	4.937		250.854	137.073	159461.000	33.588	
101.430	247.792	2.177	-4.396	0.889		582.317	377.683	159536.000	33.729	
111.656	160.794	-0.340	-2.457	0.976		787.195	389.695	159610.000	33.635	
14.370	23.256	-0.152	-0.091	-0.354		295.061	147.439	159686.000	33.635	
92.124	191.370	0.036	-4.846	0.180		35.549	40.427	159761.000	33.729	
92.277	243.730	0.532	-6.606	0.263		-148.598	144.024	159833.000	33.635	
124.632	173.514	-0.463	-5.895	4.071		-388.293	309.512	159907.000	33.588	
117.389	165.306	-0.586	-4.313	2.234		-50.915	-202.805	159984.000	33.635	
103.288	240.741	1.459	-3.461	0.817		-235.244	-119.939	160062.000	33.729	
61.046	352.744	0.040	-0.568	-0.314		-46.768	-172.073	160139.000	33.682	
90.321	267.079	0.287	-2.615	0.015		-108.354	-89.329	160215.000	33.729	
95.029	158.361	-0.236	-6.770	0.596		340.305	36.890	160289.000	33.682	
109.605	228.799	2.109	-5.185	1.847		318.232	-34.146	160363.000	33.682	
111.146	231.383	2.383	-4.921	1.903		280.427	5.000	160438.000	33.635	
110.551	165.022	-0.357	-3.563	1.336		580.061	336.646	160510.000	33.635	
51.895	34.946	-0.340	-0.620	-0.486		315.549	238.902	160587.000	33.729	
90.512	267.939	0.380	-1.529	0.014		156.463	38.598	160662.000	33.729	
94.184	234.159	0.644	-6.354	0.465		107.744	-20.915	160735.000	33.729	
87.467	47.399	-0.279	-5.805	-0.257		-148.110	303.963	160808.000	33.635	
126.960	203.180	1.243	-3.858	2.903		187.561	-189.878	160884.000	33.682	
113.651	210.926	0.921	-3.510	1.537		-12.622	-221.220	160960.000	33.729	
93.659	248.983	0.371	-2.229	0.143		104.695	-157.195	161036.000	33.588	
93.189	95.695	-0.362	-0.648	0.036		175.427	143.841	161111.000	33.635	
95.207	230.876	0.628	-5.604	0.511		-36.037	103.963	161184.000	33.824	
95.046	225.421	0.535	-5.973	0.527		294.329	-61.341	161259.000	33.682	
137.474	212.437	2.226	-3.212	3.502		95.671	-82.561	161333.000	33.776	
113.895	220.424	1.420	-3.763	1.667		664.390	434.268	161406.000	33.776	
109.394	161.403	-0.243	-2.053	0.723		780.915	368.598	161481.000	33.635	
79.183	333.066	0.062	-0.634	-0.121		355.854	172.500	161557.000	33.682	
94.852	203.617	0.211	-5.683	0.482		167.317	6.280	161632.000	33.729	
95.810	227.445	0.680	-6.133	0.624		-93.110	165.488	161703.000	33.635	
142.548	190.126	0.970	-4.159	5.430		-170.854	307.744	161777.000	33.729	
112.303	150.511	-0.974	-4.197	1.722		111.463	-219.634	161854.000	33.682	
106.777	241.865	1.631	-2.893	0.872		-114.390	-187.134	161931.000	33.729	
81.942	16.026	-0.026	-0.648	-0.092		66.768	3.780	162008.000	33.729	
93.757	251.513	0.640	-3.257	0.214		-61.402	33.293	162079.000	33.635	
97.063	211.941	0.488	-6.321	0.783		410.549	10.488	162152.000	33.729	
119.173	216.386	2.303	-5.598	3.125		451.768	89.207	162225.000	33.635	
106.978	235.779	2.174	-4.843	1.479		393.963	141.280	162298.000	33.635	
112.706	176.874	-0.085	-3.718	1.556		826.646	346.280	162373.000	33.682	
346.455	35.132	-0.396	0.136	-0.563		545.183	275.366	162449.000	33.729	
82.263	320.361	0.330	-2.933	-0.398		180.854	37.439	162525.000	33.682	
93.217	248.316	0.901	-6.377	0.358		44.939	69.695	162598.000	33.682	
96.696	136.598	-0.681	-6.131	0.720		-305.061	217.683	162670.000	33.729	
121.459	183.134	0.145	-4.314	2.640		10.427	-133.598	162746.000	33.635	
108.170	221.064	1.018	-3.559	1.168		-225.427	-49.268	162821.000	33.682	
89.403	271.690	0.662	-1.875	-0.020		-14.878	-197.927	162896.000	33.729	
93.007	95.260	-0.541	-0.948	0.050		80.061	62.195	162972.000	33.682	
88.022	281.875	1.045	-6.362	-0.220		131.951	118.232	163044.000	33.635	
86.276	49.967	-0.458	-5.911	-0.385		227.012	-121.829	163120.000	33.588	
130.818	217.655	2.230	-3.347	2.891		144.146	-258.659	163195.000	33.729	
112.346	220.102	1.308	-3.777	1.553		672.622	276.037	163271.000	33.682	
103.281	171.272	-0.072	-1.994	0.471		698.049	337.561	163346.000	33.729	
84.991	287.287	0.191	-0.680	-0.060		246.402	121.890	163422.000	33.588	
91.730	245.086	0.357	-5.497	0.166		67.927	9.085	163496.000	33.635	
89.522	284.950	0.187	-5.970	-0.050		-95.976	130.793	163567.000	33.682	
132.668	193.836	1.164	-5.128	4.727		-119.939	437.073	163642.000	33.729	
109.730	155.905	-0.646	-4.024	1.443		-141.646	-280.183	163719.000	33.682	
105.477	240.116	1.518	-3.149	0.872		-210.427	-191.159	163796.000	33.635	
63.386	21.695	-0.181	-0.906	-0.454		63.049	-2.683	163873.000	33.729	
91.611	163.652	-0.021	-2.604	0.073		-211.098	37.988	163946.000	33.729	
93.302	216.416	0.264	-6.194	0.357		202.500	55.671	164021.000	33.588	
109.677	207.449	1.214	-6.535	2.337		344.573	-36.707	164093.000	33.729	
110.063	232.501	2.371	-4.981	1.819		556.341	-28.110	164168.000	33.776	
110.628	170.295	-0.236	-3.671	1.382		862.744	342.256	164243.000	33.729	
68.904	343.717	0.108	-0.962	-0.371		611.646	199.512	164320.000	33.588	
93.303	218.830	0.064	-1.388	0.080		358.171	185.793	164395.000	33.635	
97.956	186.078	0.090	-6.037	0.844		-19.817	41.463	164468.000	33.729	
90.931	250.384	0.282	-6.189	0.101		-223.354	312.439	164541.000	33.729	
107.714	196.546	0.499	-5.259	1.680		159.756	-6.280	164616.000	33.776	
112.452	165.885	-0.296	-2.848	1.177		-482.622	-131.280	164689.000	33.682	
102.052	232.235	0.741	-2.689	0.574		-216.220	-337.012	164767.000	33.682	
49.692	23.290	-0.190	-0.521	-0.442		-57.927	-80.610	164844.000	33.635	
89.427	274.129	0.555	-4.007	-0.040		-100.976	-82.683	164920.000	33.682	
92.192	176.772	-0.015	-6.787	0.260		258.963	-121.341	164996.000	33.824	
130.546	202.411	1.416	-4.014	3.434		190.854	10.122	165071.000	33.682	
101.706	240.359	1.570	-4.313	0.894		603.598	292.622	165145.000	33.635	
107.817	145.880	-0.445	-2.045	0.657		785.244	411.951	165220.000	33.635	
11.732	339.024	0.117	-0.063	-0.306		461.707	175.549	165296.000	33.588	
88.964	25.233	-0.040	-4.698	-0.085		324.573	54.817	165370.000	33.729	
89.313	283.751	0.323	-6.601	-0.079		-56.159	46.951	165444.000	33.729	
127.281	184.015	0.336	-6.287	4.786		-59.146	346.220	165519.000	33.682	
129.348	156.660	-1.335	-3.773	3.094		-383.049	-268.902	165594.000	33.729	
102.161	240.269	1.298	-3.439	0.741		-541.951	-210.427	165671.000	33.682	
60.241	321.111	0.191	-0.415	-0.237		-209.573	-215.915	165748.000	33.682	
87.532	300.820	0.172	-2.379	-0.103		-288.049	-122.317	165825.000	33.635	
96.036	153.467	-0.350	-6.622	0.700		36.159	-162.500	165902.000	33.776	
123.597	206.548	1.992	-6.002	3.987		238.720	-42.744	165977.000	33.541	
107.285	233.678	2.157	-5.097	1.586		371.707	130.793	166052.000	33.776	
112.671	166.979	-0.316	-3.275	1.368		673.049	271.829	166127.000	33.682	
29.041	16.059	-0.206	-0.397	-0.716		477.988	295.610	166203.000	33.729	
80.953	334.654	0.105	-1.398	-0.223		178.171	127.866	166278.000	33.682	
96.545	216.219	0.559	-6.647	0.763		-36.829	103.354	166352.000	33.635	
89.313	77.962	-0.339	-6.030	-0.072		-247.073	240.244	166426.000	33.729	
130.573	185.593	0.338	-4.029	3.450		-24.756	-128.902	166502.000	33.588	
112.096	203.243	0.586	-3.360	1.364		-213.720	-107.866	166579.000	33.541	
81.722	309.721	0.260	-1.483	-0.216		-60.915	-258.476	166656.000	33.635	
94.454	121.169	-0.200	-1.555	0.121		41.585	45.976	166731.000	33.635	
95.909	223.057	0.528	-5.463	0.565		102.500	-69.817	166804.000	33.682	
89.689	83.148	-0.252	-5.584	-0.030		321.220	-100.183	166878.000	33.588	
116.368	220.380	1.972	-4.677	2.318		119.390	-139.268	166953.000	33.635	
112.840	196.318	0.470	-3.810	1.604		653.293	225.000	167029.000	33.588	
82.473	349.351	0.043	-1.729	-0.229		486.159	294.207	167104.000	33.729	
79.798	324.841	0.079	-0.624	-0.112		132.805	133.841	167180.000	33.729	
95.423	218.216	0.427	-5.709	0.542		85.366	107.134	167255.000	33.776	
86.755	299.010	0.636	-6.219	-0.353		-99.451	177.561	167327.000	33.682	
117.683	198.589	0.696	-3.946	2.070		5.244	8.293	167402.000	33.541	
109.018	165.796	-0.298	-3.414	1.177		-93.780	-45.854	167473.000	33.635	
97.385	238.447	0.693	-3.285	0.426		122.134	-156.402	167548.000	33.729	
85.247	79.294	-0.196	-0.446	-0.037		123.659	-5.671	167623.000	33.682	
89.865	271.473	0.380	-4.158	-0.010		-14.756	-147.622	167697.000	33.729	
95.970	182.533	0.027	-5.911	0.618		362.561	64.817	167773.000	33.682	
130.823	203.859	1.549	-4.054	3.502		287.073	114.207	167846.000	33.588	
96.567	253.371	1.690	-4.386	0.505		587.317	220.976	167921.000	33.635	
105.495	161.004	-0.339	-3.551	0.984		654.329	210.854	167995.000	33.635	
62.196	24.060	-0.261	-1.107	-0.584		410.000	154.878	168071.000	33.776	
80.957	5.846	-0.042	-2.577	-0.410		192.256	51.037	168145.000	33.635	
89.428	278.202	0.434	-6.266	-0.063		-124.695	-43.780	168218.000	33.635	
99.674	158.776	-0.469	-7.081	1.207		-277.866	236.707	168294.000	33.682	
123.128	171.478	-0.461	-4.714	3.076		-50.122	-118.780	168370.000	33.635	
101.134	231.980	1.065	-4.232	0.833		-306.402	-38.110	168448.000	33.682	
81.295	311.076	0.289	-1.646	-0.252		17.500	-188.232	168523.000	33.729	
97.763	138.053	-0.139	-1.132	0.154		-25.000	-68.659	168598.000	33.682	
95.064	215.848	0.417	-6.514	0.577		-7.317	22.622	168673.000	33.729	
85.028	14.122	-0.116	-5.310	-0.462		200.305	-67.866	168744.000	33.682	
129.736	214.501	1.865	-3.265	2.714		338.293	-78.963	168819.000	33.635	
110.786	202.288	0.704	-4.525	1.718		507.012	314.817	168894.000	33.682	
88.010	32.421	-0.046	-2.080	-0.072		802.378	207.012	168969.000	33.541	
66.593	330.988	0.124	-0.517	-0.224		388.171	241.098	169044.000	33.635	
96.062	196.517	0.176	-5.582	0.593		196.829	-6.037	169119.000	33.682	
87.216	289.951	0.845	-6.307	-0.307		-12.073	140.610	169192.000	33.682	
132.259	202.467	1.462	-3.891	3.535		87.256	202.073	169267.000	33.635	
109.984	140.639	-1.217	-4.079	1.483		-74.329	-176.463	169340.000	33.635	
96.511	255.309	1.144	-2.627	0.300		-221.159	-222.561	169417.000	33.729	
66.821	42.089	-0.137	-0.354	-0.151		-63.293	-65.122	169493.000	33.682	
93.730	250.141	0.795	-4.404	0.287		-83.537	-133.537	169568.000	33.588	
94.250	159.829	-0.158	-5.795	0.431		325.000	15.610	169644.000	33.635	
136.855	205.617	2.179	-4.259	4.544		276.098	195.671	169717.000	33.635	
105.422	236.001	1.830	-4.475	1.234		639.817	377.195	169792.000	33.682	
100.725	139.155	-0.374	-2.284	0.433		800.244	381.646	169867.000	33.729	
0.406	34.937	-0.385	-0.004	-0.551		307.134	172.073	169943.000	33.682	
87.607	23.499	-0.078	-4.300	-0.180		132.439	0.061	170016.000	33.682	
89.295	279.249	0.510	-6.746	-0.083		-146.341	32.927	170089.000	33.588	
118.497	163.608	-1.000	-6.262	3.399		-138.902	380.793	170164.000	33.635	
117.932	169.576	-0.410	-4.205	2.229		38.902	-256.768	170242.000	33.682	
106.003	236.310	1.535	-3.568	1.023		-168.659	-219.878	170317.000	33.635	
7.075	346.635	0.131	-0.068	-0.551		85.000	67.256	170394.000	33.635	
96.168	240.611	0.425	-2.214	0.239		-18.476	44.390	170466.000	33.635	
96.296	194.736	0.197	-6.798	0.750		265.061	60.854	170539.000	33.635	
89.872	271.087	0.669	-5.688	-0.013		147.012	-223.963	170611.000	33.541	
120.970	227.773	2.431	-3.676	2.206		473.720	-83.598	170687.000	33.635	
115.199	177.061	-0.118	-4.892	2.302		790.732	463.293	170762.000	33.729	
68.434	54.173	-0.383	-0.699	-0.276		666.281	295.488	170839.000	33.682	
57.059	335.731	0.152	-0.521	-0.338		225.915	74.085	170913.000	33.588	
100.805	210.671	0.769	-6.790	1.296		116.707	11.402	170987.000	33.729	
90.716	261.565	0.514	-6.092	0.076		-86.890	262.439	171061.000	33.635	
120.033	191.896	0.560	-4.595	2.656		275.976	-32.134	171134.000	33.729	
107.244	219.138	0.738	-2.923	0.907		-4.756	-130.976	171209.000	33.776	
90.575	266.634	0.299	-1.753	0.018		16.890	-272.927	171284.000	33.635	
97.899	125.609	-0.224	-1.154	0.160		63.476	129.939	171358.000	33.635	
98.709	214.546	0.658	-6.241	0.956		-0.793	-54.939	171431.000	33.682	
92.865	211.894	0.169	-5.425	0.271		267.317	94.817	171505.000	33.635	
139.755	215.128	2.559	-3.078	3.637		231.829	-37.256	171578.000	33.776	
113.308	205.028	0.882	-4.384	1.889		621.951	434.695	171653.000	33.729	
105.416	155.436	-0.208	-1.650	0.455		802.622	385.488	171727.000	33.635	
35.433	38.480	-0.121	-0.108	-0.152		309.085	134.573	171803.000	33.588	
101.338	204.515	0.593	-6.482	1.300		109.512	29.695	171878.000	33.635	
92.205	252.987	0.785	-6.239	0.240		-167.134	231.890	171952.000	33.635	
125.931	206.558	1.518	-4.189	3.036		303.171	27.744	172026.000	33.682	
115.329	167.562	-0.344	-3.293	1.559		5.488	-139.695	172100.000	33.635	
91.332	266.551	0.875	-2.268	0.053		-45.244	-111.829	172176.000	33.635	
57.803	10.794	-0.104	-0.862	-0.543		81.829	108.232	172251.000	33.682	
96.858	229.167	0.712	-5.115	0.615		-71.707	0.244	172324.000	33.682	
92.286	164.277	-0.065	-5.823	0.232		351.037	127.988	172396.000	33.588	
129.586	193.658	0.939	-4.676	3.866		247.988	43.720	172471.000	33.635	
97.261	257.724	2.320	-3.963	0.505		845.427	179.390	172545.000	33.635	
109.203	163.238	-0.271	-2.588	0.901		1136.707	306.463	172618.000	33.682	
81.422	79.160	-0.275	-0.350	-0.053		549.207	174.695	172695.000	33.729	
90.554	213.690	0.027	-4.244	0.041		89.390	138.780	172771.000	33.635	
96.109	228.942	0.712	-5.794	0.620		-202.988	143.110	172844.000	33.588	
98.865	187.595	0.127	-6.104	0.952		-242.561	215.122	172918.000	33.635	
132.721	181.093	0.073	-4.158	3.840		246.951	-185.549	172993.000	33.635	
113.195	201.069	0.592	-3.585	1.536		-159.512	-88.293	173069.000	33.682	
93.366	238.749	0.114	-1.179	0.069		-114.573	-136.707	173145.000	33.635	
100.023	122.712	-0.120	-0.437	0.077		-149.817	93.293	173220.000	33.588	
95.357	242.527	1.271	-7.051	0.661		67.012	-68.049	173296.000	33.635	
95.444	174.574	-0.052	-5.718	0.545		367.500	-49.329	173370.000	33.635	
135.937	195.288	0.912	-3.229	3.337		46.524	-136.768	173445.000	33.682	
113.767	222.779	1.428	-3.504	1.543		360.915	316.037	173519.000	33.729	
104.154	205.841	0.286	-2.343	0.591		504.878	274.695	173594.000	33.588	
3.512	15.918	-0.077	-0.017	-0.271		369.024	127.439	173669.000	33.588	
92.226	230.750	0.229	-4.824	0.188		114.939	-50.915	173743.000	33.635	
94.418	235.003	0.720	-6.521	0.504		-90.732	133.537	173816.000	33.729	
129.209	180.071	0.006	-5.791	4.725		-355.244	195.854	173890.000	33.588	
123.448	155.686	-1.259	-4.218	2.786		-126.951	-121.098	173967.000	33.635	
100.608	248.080	1.381	-2.967	0.556		-479.512	-140.244	174045.000	33.588	
29.268	329.315	0.211	-0.199	-0.355		-184.512	-150.976	174121.000	33.588	
90.847	236.482	0.075	-3.370	0.050		-246.341	-82.256	174198.000	33.541	
98.728	181.971	0.036	-6.838	1.050		146.098	-308.049	174273.000	33.635	
137.462	194.156	1.303	-4.739	5.165		32.866	-55.732	174348.000	33.682	
107.914	238.060	2.160	-4.166	1.347		425.549	281.463	174422.000	33.729	
113.344	135.676	-0.899	-2.134	0.921		483.171	291.280	174496.000	33.635	
77.793	358.798	0.003	-0.646	-0.140		182.805	122.378	174573.000	33.682	
96.460	227.941	0.520	-4.140	0.469		167.195	43.049	174648.000	33.635	
95.061	199.873	0.192	-6.010	0.532		2.256	170.915	174721.000	33.729	
132.337	159.386	-1.950	-5.690	5.185		-683.598	144.573	174792.000	33.635	
112.714	163.620	-0.719	-5.842	2.445		-123.902	-120.244	174869.000	33.588	
98.078	254.765	1.409	-2.704	0.384		-443.415	-274.146	174947.000	33.682	
301.437	341.788	0.174	0.864	-0.528		-284.146	-243.537	175023.000	33.541	
98.109	230.705	1.011	-5.806	0.827		-221.402	-115.976	175100.000	33.682	
93.395	160.317	-0.129	-6.075	0.360		66.463	-144.207	175176.000	33.635	
147.129	208.506	2.351	-2.797	4.328		369.634	173.415	175251.000	33.682	
107.062	229.294	1.846	-5.174	1.588		357.805	325.122	175326.000	33.541	
103.919	154.650	-0.317	-2.703	0.670		500.427	397.622	175400.000	33.682	
311.696	36.052	-0.290	0.447	-0.398		193.354	123.537	175476.000	33.635	
92.620	167.471	-0.045	-4.417	0.202		63.780	-107.073	175551.000	33.541	
91.694	256.475	0.800	-6.504	0.192		-198.415	41.524	175626.000	33.682	
138.879	180.020	0.002	-4.947	5.667		48.720	239.817	175700.000	33.588	
112.882	148.418	-1.292	-4.979	2.102		-232.683	-224.451	175774.000	33.635	
99.248	243.737	1.188	-3.599	0.586		-410.061	-325.549	175852.000	33.635	
299.157	331.175	0.342	1.113	-0.621		-372.073	135.427	175928.000	33.588	
97.138	241.291	1.075	-4.702	0.589		44.756	-122.439	176004.000	33.635	
94.315	174.864	-0.039	-5.759	0.435		290.671	43.415	176077.000	33.635	
123.713	214.718	2.847	-6.157	4.108		327.500	55.732	176151.000	33.541	
108.572	241.459	2.492	-4.034	1.355		290.061	148.598	176225.000	33.635	
115.337	193.361	0.460	-4.090	1.937		760.488	340.000	176301.000	33.588	
88.626	86.241	-0.401	-1.100	-0.026		487.317	301.829	176375.000	33.635	
92.726	258.323	0.293	-1.271	0.061		138.476	76.890	176450.000	33.682	
96.332	235.324	0.919	-5.729	0.636		179.146	98.598	176523.000	33.682	
92.442	219.457	0.209	-5.954	0.254		-125.061	235.793	176595.000	33.682	
118.035	210.682	1.443	-4.568	2.433		332.256	-190.854	176670.000	33.635	
105.192	232.273	1.281	-3.650	0.991		17.805	-218.110	176746.000	33.682	
99.096	261.794	0.826	-0.744	0.119		-274.817	-63.110	176821.000	33.635	
100.892	231.152	0.326	-1.365	0.263		-72.378	44.207	176897.000	33.729	
92.339	250.115	0.734	-6.502	0.266		191.341	-63.232	176970.000	33.588	
89.125	62.628	-0.138	-4.670	-0.071		298.110	31.890	177044.000	33.588	
130.694	224.692	3.257	-3.828	3.292		213.537	-49.695	177118.000	33.682	
114.641	201.520	0.922	-5.097	2.338		744.634	402.805	177192.000	33.541	
96.294	115.128	-0.441	-1.877	0.207		840.488	461.951	177267.000	33.682	
348.751	330.597	0.199	0.070	-0.354		311.646	229.573	177342.000	33.635	
97.467	187.640	0.107	-6.109	0.801		149.024	53.780	177417.000	33.635	
90.912	263.469	0.836	-6.010	0.096		-298.171	131.707	177489.000	33.635	
117.464	225.025	2.249	-4.323	2.247		222.744	-69.939	177565.000	33.588	
111.980	173.776	-0.149	-3.395	1.370		110.366	-210.305	177640.000	33.729	
93.039	261.991	0.972	-2.575	0.137		159.512	-179.329	177717.000	33.682	
63.221	43.919	-0.254	-0.522	-0.264		232.988	155.671	177792.000	33.635	
88.632	282.749	0.617	-5.849	-0.140		-94.451	17.988	177866.000	33.588	
88.015	58.649	-0.317	-5.580	-0.193		286.890	218.476	177940.000	33.682	
131.227	201.597	1.366	-3.938	3.451		242.561	250.549	178015.000	33.635	
93.346	260.386	1.851	-5.361	0.313		525.793	132.134	178089.000	33.729	
109.895	156.176	-0.432	-2.701	0.978		979.817	423.902	178164.000	33.682	
54.598	53.199	-0.260	-0.273	-0.194		508.720	128.110	178240.000	33.729	
88.900	291.675	0.152	-3.153	-0.061		274.085	6.341	178315.000	33.588	
92.933	239.441	0.551	-6.347	0.325		-141.463	23.841	178387.000	33.635	
111.754	168.738	-0.630	-7.927	3.163		-208.415	225.854	178461.000	33.682	
125.937	166.294	-0.711	-4.021	2.915		66.829	-108.476	178538.000	33.635	
103.216	244.600	1.785	-3.609	0.848		-153.232	-69.939	178614.000	33.682	
72.982	17.915	-0.073	-0.740	-0.227		140.122	-113.537	178690.000	33.635	
91.087	101.244	-0.162	-1.699	0.032		-162.012	-65.671	178766.000	33.635	
90.699	264.225	0.859	-7.124	0.087		158.293	-5.488	178842.000	33.588	
90.107	98.616	-0.064	-5.245	0.010		289.817	-53.841	178915.000	33.635	
117.366	238.067	3.388	-4.079	2.111		316.890	-113.720	178989.000	33.682	
114.916	195.983	0.561	-4.213	1.957		950.122	449.329	179064.000	33.635	
98.111	110.717	-0.305	-0.809	0.115		708.110	284.085	179139.000	33.682	
84.273	293.824	0.226	-0.993	-0.100		290.915	230.549	179214.000	33.682	
96.627	231.464	0.883	-6.052	0.703		232.988	92.805	179289.000	33.635	
92.073	222.689	0.209	-6.261	0.227		-185.183	206.098	179362.000	33.541	
112.138	217.112	1.312	-4.261	1.733		156.890	-41.646	179437.000	33.682	
104.383	201.011	0.325	-3.302	0.847		-168.841	-65.244	179512.000	33.635	
90.031	269.927	0.768	-1.830	0.001		-20.488	-289.329	179588.000	33.588	
73.716	76.690	-0.673	-0.545	-0.159		5.793	34.146	179662.000	33.588	
94.483	235.053	0.668	-5.954	0.467		-192.439	-37.439	179734.000	33.682	
90.648	240.866	0.119	-5.872	0.066		176.159	-21.707	179809.000	33.635	
128.584	218.255	2.261	-3.594	2.867		136.402	-75.183	179883.000	33.729	
107.240	229.227	1.313	-3.647	1.132		506.159	320.000	179958.000	33.588	
97.873	201.801	0.123	-2.225	0.308		573.476	267.805	180033.000	33.635	
50.500	328.487	0.183	-0.361	-0.298		388.659	190.305	180107.000	33.635	
92.679	242.387	0.381	-4.258	0.199		278.476	106.890	180182.000	33.588	
88.289	289.332	0.596	-6.996	-0.209		21.951	177.561	180255.000	33.682	
130.321	195.156	1.277	-5.557	4.716		-8.902	331.463	180329.000	33.635	
119.269	157.622	-0.954	-4.135	2.317		31.159	-75.732	180403.000	33.635	
98.951	253.542	1.726	-3.236	0.510		-262.012	-3.780	180477.000	33.588	
84.031	308.320	0.182	-1.373	-0.144		107.622	-130.183	180551.000	33.588	
96.009	112.906	-0.416	-1.670	0.176		57.561	-39.634	180628.000	33.635	
94.593	243.501	1.013	-6.285	0.505		119.085	42.988	180702.000	33.682	
87.910	342.676	0.066	-5.835	-0.213		280.915	-164.573	180774.000	33.588	
127.915	210.213	1.679	-3.701	2.883		345.366	-55.732	180850.000	33.635	
113.294	197.119	0.534	-4.028	1.734		447.439	215.061	180925.000	33.635	
91.997	234.737	0.097	-1.961	0.068		443.293	262.134	181000.000	33.588	
69.520	300.641	0.307	-0.486	-0.182		216.585	106.585	181073.000	33.635	
95.446	232.261	0.713	-5.787	0.552		226.890	65.854	181148.000	33.729	
88.016	290.348	0.590	-6.315	-0.219		-43.659	135.854	181222.000	33.635	
131.509	204.951	1.518	-3.686	3.262		39.756	294.329	181297.000	33.682	
109.551	151.236	-0.827	-4.243	1.507		119.024	-155.366	181370.000	33.682	
91.114	267.350	1.182	-2.813	0.055		-8.354	-113.780	181447.000	33.635	
87.518	87.341	-0.315	-0.338	-0.015		65.366	40.976	181521.000	33.682	
98.776	201.628	0.221	-3.605	0.557		-184.512	-144.817	181594.000	33.588	
91.867	194.982	0.056	-6.381	0.208		258.232	61.402	181669.000	33.635	
129.711	203.105	1.977	-5.578	4.633		316.646	92.073	181742.000	33.541	
110.666	231.681	2.235	-4.684	1.767		535.305	213.659	181816.000	33.635	
106.761	162.816	-0.301	-3.229	0.973		552.561	161.524	181892.000	33.635	
48.243	30.470	-0.325	-0.619	-0.553		371.159	222.744	181967.000	33.588	
86.018	305.998	0.229	-2.385	-0.166		134.329	25.000	182042.000	33.588	
90.895	256.866	0.439	-6.562	0.103		5.610	-33.171	182116.000	33.635	
84.880	358.881	0.010	-5.580	-0.500		-182.073	204.634	182188.000	33.588	
118.004	199.829	0.745	-3.886	2.066		-52.256	-117.988	182263.000	33.635	
108.609	193.919	0.306	-3.663	1.233		-128.293	36.707	182339.000	33.635	
89.273	276.508	0.257	-2.310	-0.029		140.061	-162.073	182414.000	33.447	
86.522	82.360	-0.400	-0.884	-0.054		81.280	4.878	182491.000	33.682	
98.865	230.200	0.948	-5.065	0.790		13.171	-37.256	182562.000	33.682	
94.195	206.172	0.225	-6.230	0.457		318.110	-30.671	182635.000	33.682	
113.745	212.595	1.122	-3.989	1.755		87.744	-62.134	182709.000	33.541	
106.846	222.926	1.026	-3.645	1.104		608.781	324.024	182782.000	33.541	
107.861	145.013	-0.563	-2.494	0.804		570.793	185.732	182857.000	33.682	
5.356	347.206	0.106	-0.044	-0.469		234.146	64.817	182933.000	33.541	
84.922	326.451	0.304	-5.154	-0.458		77.500	-201.280	183006.000	33.541	
84.585	323.158	0.490	-6.902	-0.654		-161.646	84.756	183080.000	33.635	
130.877	203.579	1.868	-4.945	4.280		175.549	390.000	183156.000	33.588	
117.414	143.703	-1.445	-3.794	1.968		-196.646	-310.183	183231.000	33.635	
100.835	252.698	1.715	-2.791	0.534		-305.610	-217.073	183309.000	33.729	
36.374	63.249	-0.360	-0.134	-0.182		-26.524	1.280	183386.000	33.588	
102.409	196.707	0.212	-3.209	0.706		-81.159	-43.780	183458.000	33.588	
95.158	184.495	0.049	-6.881	0.621		-40.000	-141.402	183533.000	33.635	
126.322	204.168	1.753	-5.313	3.906		119.268	-31.463	183608.000	33.729	
116.789	230.032	2.462	-4.087	2.063		293.354	13.049	183684.000	33.588	
110.883	160.340	-0.403	-2.959	1.129		666.281	236.829	183757.000	33.635	
116.338	145.461	-0.270	-0.791	0.392		406.098	303.232	183833.000	33.588	
95.818	221.648	0.220	-2.425	0.247		-3.598	0.915	183909.000	33.635	
94.844	245.669	1.011	-5.393	0.457		72.683	125.610	183980.000	33.588	
109.562	177.978	-0.078	-6.228	2.213		-152.500	195.793	184052.000	33.588	
130.415	172.770	-0.498	-4.610	3.926		-77.378	-143.537	184129.000	33.729	
99.345	250.634	1.631	-3.483	0.573		-347.012	-192.195	184206.000	33.635	
97.284	255.069	0.249	-0.520	0.066		-101.463	-85.793	184283.000	33.494	
105.250	151.841	-0.252	-1.727	0.471		-38.902	-33.963	184357.000	33.635	
97.620	211.232	0.537	-6.621	0.886		75.915	-32.744	184433.000	33.588	
91.775	249.624	0.479	-5.735	0.178		207.134	-66.768	184506.000	33.635	
142.516	211.656	2.219	-2.760	3.599		344.207	-83.110	184580.000	33.682	
115.387	195.541	0.580	-4.396	2.086		451.707	266.402	184654.000	33.635	
101.559	182.012	0.013	-1.767	0.361		458.902	282.805	184729.000	33.588	
82.619	290.842	0.192	-0.565	-0.073		114.329	132.805	184804.000	33.588	
92.392	236.884	0.362	-5.658	0.236		99.451	33.049	184879.000	33.635	
88.650	279.738	0.888	-6.463	-0.152		-157.134	92.683	184951.000	33.635	
126.132	203.754	1.381	-4.298	3.138		102.683	446.098	185026.000	33.635	
105.670	141.194	-0.898	-3.982	1.117		-229.634	-270.061	185101.000	33.588	
101.124	242.505	1.051	-2.781	0.547		-90.427	-235.427	185179.000	33.588	
49.854	42.979	-0.240	-0.306	-0.258		19.695	48.171	185254.000	33.635	
97.887	227.902	0.638	-4.159	0.576		-41.463	-77.256	185327.000	33.635	
94.226	186.929	0.056	-6.198	0.458		223.293	39.756	185401.000	33.635	
127.422	215.573	2.906	-5.311	4.063		344.268	128.354	185474.000	33.541	
109.451	235.768	2.319	-4.469	1.578		625.183	249.939	185549.000	33.588	
108.896	179.140	-0.017	-3.229	1.105		742.805	349.756	185624.000	33.635	
18.435	56.383	-0.353	-0.078	-0.234		458.354	241.829	185700.000	33.588	
86.415	309.144	0.252	-3.273	-0.205		197.012	35.610	185775.000	33.635	
88.563	277.323	1.216	-6.227	-0.156		142.195	203.902	185848.000	33.729	
118.412	172.379	-0.443	-6.125	3.313		-337.317	203.293	185923.000	33.682	
123.815	179.892	-0.006	-4.638	3.106		32.256	-143.963	186000.000	33.635	
102.470	252.353	2.183	-3.140	0.694		27.012	-214.390	186076.000	33.588	
91.972	198.853	0.014	-1.163	0.040		274.756	9.756	186151.000	33.729	
110.925	172.692	-0.082	-1.673	0.640		31.280	66.159	186223.000	33.635	
93.702	253.757	1.341	-6.037	0.391		98.354	-52.256	186297.000	33.541	
95.158	227.712	0.583	-5.875	0.530		339.573	-80.610	186370.000	33.635	
142.389	217.795	2.811	-2.792	3.624		553.049	-90.305	186443.000	33.635	
114.208	206.091	0.928	-4.214	1.895		762.317	404.817	186518.000	33.588	
107.937	175.521	-0.042	-1.656	0.536		743.720	396.341	186593.000	33.541	
73.677	312.238	0.233	-0.724	-0.212		372.988	240.671	186669.000	33.682	
96.945	215.127	0.528	-6.165	0.751		346.951	64.024	186743.000	33.541	
89.885	271.776	0.378	-5.817	-0.012		-183.171	285.305	186817.000	33.541	
126.582	205.356	1.196	-3.401	2.524		63.720	-64.817	186893.000	33.588	
111.237	174.323	-0.146	-3.792	1.474		-140.793	-145.915	186967.000	33.588	
90.613	267.647	0.642	-2.465	0.026		-15.915	-236.951	187044.000	33.494	
38.351	19.654	-0.063	-0.141	-0.178		-91.280	57.500	187119.000	33.635	
100.979	220.415	1.059	-6.408	1.243		-203.841	-144.634	187193.000	33.635	
95.011	177.535	-0.021	-5.691	0.499		203.232	17.683	187270.000	33.588	
139.345	207.809	1.802	-2.934	3.416		193.232	14.085	187344.000	33.541	
112.012	220.032	1.569	-4.621	1.868		581.098	368.963	187418.000	33.635	
111.164	158.499	-0.317	-2.081	0.806		618.902	370.732	187493.000	33.588	
338.034	16.994	-0.144	0.189	-0.470		238.598	155.976	187569.000	33.635	
92.736	206.882	0.143	-5.885	0.281		116.707	-17.378	187643.000	33.541	
88.245	284.109	0.727	-5.960	-0.183		-109.695	133.902	187717.000	33.682	
136.665	198.046	1.154	-3.343	3.543		237.927	86.037	187793.000	33.541	
112.909	158.486	-0.689	-4.139	1.749		-411.402	-220.976	187867.000	33.541	
91.663	265.412	0.925	-2.557	0.074		-436.341	-406.463	187945.000	33.635	
350.807	7.023	-0.050	0.065	-0.404		-240.854	-16.524	188021.000	33.588	
103.939	210.670	0.815	-5.540	1.375		-230.183	-79.573	188096.000	33.635	
93.127	158.451	-0.121	-5.613	0.307		172.927	25.793	188172.000	33.635	
142.842	211.408	2.251	-2.794	3.687		115.671	10.793	188246.000	33.682	
118.242	206.241	1.299	-4.905	2.635		571.524	512.805	188319.000	33.635	
108.902	169.660	-0.152	-2.438	0.835		683.537	342.378	188394.000	33.635	
309.620	31.234	-0.239	0.477	-0.395		290.122	203.110	188470.000	33.588	
91.365	181.833	0.004	-5.124	0.122		0.366	-95.427	188546.000	33.541	
84.923	307.335	0.803	-6.893	-0.612		-67.561	143.780	188617.000	33.541	
124.586	205.232	1.584	-4.875	3.361		281.951	258.902	188692.000	33.588	
115.543	136.993	-1.517	-3.402	1.626		-160.915	-249.756	188767.000	33.588	
97.150	257.208	1.553	-2.811	0.353		-297.683	-233.537	188845.000	33.682	
63.819	318.952	0.125	-0.292	-0.144		-25.061	-52.134	188920.000	33.635	
97.588	202.586	0.193	-3.489	0.465		-136.037	-153.049	188995.000	33.588	
93.963	216.243	0.316	-6.230	0.432		329.939	14.390	189071.000	33.635	
111.018	224.531	2.072	-5.482	2.106		398.537	46.098	189145.000	33.635	
110.061	235.898	2.686	-4.979	1.818		445.122	109.573	189218.000	33.635	
113.565	183.530	0.107	-3.992	1.741		827.500	381.646	189293.000	33.588	
48.234	46.241	-0.392	-0.420	-0.375		603.476	327.500	189368.000	33.635	
77.456	344.662	0.094	-1.536	-0.342		183.476	172.378	189443.000	33.541	
95.827	238.702	1.031	-6.144	0.627		186.707	78.110	189517.000	33.588	
105.097	149.174	-1.036	-6.437	1.736		-230.488	312.927	189590.000	33.588	
125.780	180.916	0.058	-5.000	3.604		38.720	-143.415	189667.000	33.541	
102.559	248.595	1.881	-3.310	0.737		46.829	-184.329	189743.000	33.588	
86.607	70.481	-0.185	-1.104	-0.065		129.146	41.402	189817.000	33.635	
98.159	139.494	-0.166	-1.355	0.194		10.610	113.293	189891.000	33.635	
96.830	234.922	1.043	-6.115	0.732		43.720	60.244	189965.000	33.541	
90.549	164.320	-0.016	-5.805	0.056		237.622	26.463	190036.000	33.635	
141.209	210.486	2.355	-3.216	4.001		310.244	-182.561	190110.000	33.682	
121.323	217.335	1.576	-3.396	2.066		946.037	374.268	190186.000	33.635	
104.419	175.984	-0.032	-1.785	0.459		1076.341	325.549	190261.000	33.588	
108.457	144.547	-0.179	-0.752	0.251		517.317	234.451	190338.000	33.635	
94.156	195.291	0.108	-5.456	0.396		143.902	65.671	190414.000	33.588	
92.269	254.963	0.891	-6.039	0.239		-275.976	234.207	190487.000	33.588	
131.317	212.399	2.486	-4.457	3.918		298.780	190.854	190562.000	33.541	
109.957	154.069	-0.708	-4.010	1.456		234.939	-417.012	190637.000	33.729	
102.156	227.768	0.794	-3.346	0.721		119.512	-247.012	190713.000	33.635	
111.577	162.459	-0.107	-0.859	0.340		110.915	352.439	190789.000	33.682	
103.086	239.987	1.119	-2.781	0.646		26.280	125.061	190865.000	33.541	
92.165	257.731	1.186	-6.819	0.258		357.256	164.146	190940.000	33.635	
118.573	208.687	1.823	-6.118	3.332		443.354	-10.000	191013.000	33.588	
120.218	225.843	2.661	-4.437	2.584		219.939	127.622	191088.000	33.588	
120.160	163.601	-0.641	-3.746	2.177		636.281	413.537	191163.000	33.541	
93.095	116.808	-0.184	-1.716	0.093		255.305	168.963	191239.000	33.588	
73.602	294.549	0.440	-0.684	-0.201		218.232	49.939	191313.000	33.635	
89.889	271.795	0.343	-5.528	-0.011		188.902	-71.037	191387.000	33.635	
91.801	223.727	0.193	-6.428	0.202		-203.598	69.146	191462.000	33.682	
127.172	205.882	1.822	-4.953	3.756		-118.049	288.171	191536.000	33.776	
105.455	128.899	-1.138	-3.320	0.918		-224.451	-283.293	191612.000	33.635	
100.158	242.061	0.853	-2.523	0.452		-166.890	-153.232	191690.000	33.541	
44.873	55.432	-0.320	-0.220	-0.221		-153.537	1.402	191767.000	33.588	
98.726	232.618	0.973	-4.842	0.743		-265.732	-225.549	191841.000	33.635	
94.188	214.402	0.320	-6.389	0.468		188.841	-73.659	191917.000	33.588	
143.242	199.748	1.721	-3.580	4.793		147.256	23.476	191990.000	33.588	
111.197	232.650	2.223	-4.374	1.696		446.280	331.524	192064.000	33.635	
109.745	142.209	-0.647	-2.326	0.835		591.037	328.537	192140.000	33.635	
2.986	26.513	-0.215	-0.022	-0.431		229.207	192.134	192216.000	33.682	
88.115	280.296	0.586	-3.234	-0.106		212.073	-1.341	192289.000	33.635	
95.698	220.178	0.583	-6.920	0.690		95.671	159.695	192363.000	33.541	
108.664	144.580	-1.477	-6.146	2.076		-363.049	245.427	192436.000	33.635	
126.474	176.772	-0.196	-4.708	3.480		-285.854	-176.829	192513.000	33.541	
99.123	244.779	1.196	-3.509	0.563		-454.146	-188.110	192590.000	33.588	
37.809	3.240	-0.023	-0.321	-0.414		-262.012	-184.085	192666.000	33.541	
87.091	294.293	0.251	-2.229	-0.113		-299.146	-148.537	192743.000	33.588	
96.453	217.659	0.555	-6.354	0.719		145.183	-43.841	192820.000	33.588	
104.324	230.324	1.661	-5.396	1.378		310.183	-164.878	192893.000	33.588	
111.302	225.336	2.097	-5.314	2.072		285.793	180.549	192969.000	33.541	
110.753	158.254	-0.555	-3.670	1.391		519.146	278.841	193044.000	33.588	
351.845	38.080	-0.502	0.092	-0.641		383.171	212.805	193120.000	33.635	
89.903	270.666	0.336	-2.317	-0.004		128.049	-30.610	193195.000	33.494	
93.046	240.110	0.581	-6.275	0.334		193.049	76.707	193270.000	33.588	
88.095	33.152	-0.110	-5.079	-0.169		-127.866	237.683	193343.000	33.588	
119.395	185.536	0.280	-5.133	2.892		-20.183	-139.268	193419.000	33.541	
102.539	210.787	0.556	-4.193	0.933		-510.488	-182.683	193495.000	33.588	
70.791	327.209	0.131	-0.583	-0.203		-380.305	-198.171	193571.000	33.588	
80.678	304.041	0.439	-1.809	-0.297		-307.622	-108.537	193648.000	33.635	
95.347	233.093	0.722	-5.791	0.542		249.268	-25.671	193725.000	33.635	
90.321	265.195	0.337	-5.051	0.028		341.951	-87.683	193799.000	33.635	
119.375	215.521	1.847	-4.596	2.587		390.000	137.500	193873.000	33.541	
113.882	186.243	0.215	-4.436	1.964		750.976	283.963	193948.000	33.588	
98.292	154.560	-0.134	-1.930	0.281		660.183	372.988	194023.000	33.635	
71.442	312.663	0.249	-0.684	-0.229		218.293	177.561	194098.000	33.635	
94.194	207.671	0.221	-5.740	0.421		250.366	111.707	194172.000	33.588	
92.102	249.572	0.574	-5.827	0.214		-205.793	145.427	194246.000	33.635	
122.944	217.396	1.937	-3.909	2.533		-101.159	100.549	194321.000	33.635	
104.229	156.519	-0.414	-3.759	0.953		-86.280	-220.732	194397.000	33.588	
103.213	225.685	0.702	-2.920	0.686		-43.171	-238.537	194475.000	33.635	
50.888	24.864	-0.130	-0.345	-0.280		-28.354	98.902	194550.000	33.635	
97.068	237.774	1.067	-5.427	0.673		-222.378	-178.841	194624.000	33.635	
91.814	239.867	0.310	-5.673	0.180		272.805	69.390	194700.000	33.588	
146.930	202.088	2.247	-3.605	5.537		341.098	194.695	194772.000	33.588	
109.501	232.460	2.092	-4.539	1.607		719.329	453.049	194847.000	33.635	
113.025	185.448	0.095	-2.337	0.993		983.354	436.890	194922.000	33.541	
23.806	60.093	-0.520	-0.132	-0.299		544.207	271.829	194997.000	33.682	
91.623	218.418	0.090	-3.997	0.113		245.183	57.317	195073.000	33.635	
93.768	247.830	1.071	-6.629	0.437		47.683	178.659	195145.000	33.635	
123.943	173.423	-0.505	-6.506	4.379		-216.159	237.073	195218.000	33.541	
112.754	164.222	-0.562	-4.738	1.987		9.695	-130.732	195295.000	33.635	
97.101	258.390	1.901	-3.136	0.391		-83.598	-147.988	195369.000	33.729	
5.188	9.853	-0.129	-0.067	-0.742		139.573	-0.244	195444.000	33.588	
95.204	179.771	-0.001	-2.681	0.244		-124.878	-46.951	195516.000	33.588	
94.357	225.412	0.479	-6.191	0.472		195.915	-30.366	195592.000	33.635	
108.117	222.256	1.571	-5.286	1.729		333.110	57.927	195666.000	33.541	
110.635	230.963	2.318	-4.992	1.880		218.049	-1.037	195740.000	33.635	
116.076	179.491	-0.018	-4.041	1.978		510.915	114.390	195814.000	33.588	
82.063	310.969	0.274	-1.709	-0.238		435.427	128.354	195890.000	33.541	
89.728	272.459	0.159	-1.438	-0.007		199.634	110.427	195964.000	33.682	
93.794	248.091	0.983	-5.965	0.396		207.317	58.537	196039.000	33.588	
87.464	286.658	0.878	-5.931	-0.263		10.976	160.793	196112.000	33.541	
109.278	209.969	0.819	-4.063	1.421		177.012	12.012	196186.000	33.541	
111.270	171.473	-0.204	-3.497	1.361		-86.220	-0.366	196259.000	33.635	
97.040	234.588	0.463	-2.665	0.329		-140.061	-44.268	196335.000	33.588	
61.492	37.559	-0.208	-0.498	-0.271		-91.707	117.744	196410.000	33.541	
93.274	253.715	0.956	-4.882	0.279		-43.537	-190.000	196485.000	33.588	
92.145	198.228	0.080	-6.493	0.243		321.829	99.329	196559.000	33.494	
128.095	206.346	1.523	-3.924	3.076		-123.293	-15.610	196632.000	33.588	
110.546	227.330	1.286	-3.163	1.186		902.744	394.939	196708.000	33.541	
110.679	148.980	-0.440	-1.940	0.732		758.537	227.134	196783.000	33.588	
76.601	330.994	0.109	-0.828	-0.197		340.549	119.756	196858.000	33.541	
86.489	308.784	0.328	-4.298	-0.264		320.732	25.732	196934.000	33.588	
93.157	235.767	0.544	-6.711	0.370		-41.220	158.110	197008.000	33.682	
128.551	207.888	2.283	-5.414	4.314		112.256	291.829	197082.000	33.635	
113.298	140.642	-1.198	-3.393	1.461		86.707	-271.037	197156.000	33.635	
102.174	248.230	1.247	-2.309	0.498		-242.500	-207.927	197232.000	33.588	
48.405	16.019	-0.115	-0.452	-0.401		-14.573	116.463	197309.000	33.588	
100.062	216.084	0.596	-4.606	0.817		-213.841	-128.171	197384.000	33.588	
93.263	232.306	0.473	-6.406	0.365		200.732	12.073	197462.000	33.588	
140.287	203.930	2.146	-4.018	4.837		256.890	89.207	197534.000	33.635	
107.673	235.810	2.056	-4.383	1.396		499.695	390.610	197608.000	33.588	
111.759	163.808	-0.339	-2.924	1.167		638.537	282.622	197683.000	33.635	
10.354	358.598	0.015	-0.109	-0.599		236.341	183.171	197758.000	33.588	
78.953	334.890	0.277	-3.031	-0.592		83.963	58.841	197833.000	33.635	
90.000	270.000	0.980	-6.474	0.000		-76.402	37.927	197906.000	33.541	
99.984	142.208	-0.870	-6.374	1.122		-294.146	308.902	197979.000	33.541	
125.632	188.757	0.479	-4.334	3.106		95.244	-126.402	198054.000	33.588	
105.820	238.144	1.452	-3.185	0.902		-108.171	-150.427	198130.000	33.635	
99.224	250.871	0.481	-1.028	0.167		204.146	-96.280	198207.000	33.588	
99.586	140.772	-0.243	-1.764	0.298		-16.341	-10.061	198281.000	33.588	
93.939	248.795	1.138	-6.410	0.441		125.305	61.037	198355.000	33.635	
89.652	276.044	0.332	-5.791	-0.035		222.683	-108.293	198428.000	33.635	
129.903	216.838	2.088	-3.333	2.787		449.939	-31.280	198504.000	33.588	
118.059	204.554	1.065	-4.375	2.332		948.171	388.476	198579.000	33.541	
103.198	130.976	-0.379	-1.403	0.329		840.000	321.646	198653.000	33.682	
74.371	320.110	0.109	-0.468	-0.131		352.317	258.354	198730.000	33.541	
98.719	216.010	0.681	-6.106	0.937		256.220	-30.915	198805.000	33.635	
90.515	264.447	0.563	-6.084	0.055		-167.500	185.488	198879.000	33.541	
116.285	220.647	1.802	-4.249	2.099		139.817	-51.829	198953.000	33.541	
111.386	172.687	-0.188	-3.730	1.461		-103.415	-102.988	199028.000	33.541	
95.758	221.186	0.205	-2.324	0.234		83.902	-201.768	199106.000	33.635	
41.868	36.974	-0.390	-0.464	-0.518		55.122	5.915	199180.000	33.635	
95.824	245.836	1.132	-4.979	0.508		-307.256	-164.634	199251.000	33.541	
92.894	231.636	0.394	-6.163	0.312		206.646	-30.427	199328.000	33.588	
145.183	204.809	2.607	-3.923	5.641		437.744	253.598	199402.000	33.682	
106.345	234.354	1.954	-4.778	1.401		593.537	329.512	199477.000	33.635	
108.510	171.975	-0.126	-2.669	0.894		745.305	338.841	199552.000	33.494	
316.037	28.565	-0.329	0.583	-0.604		403.232	200.549	199627.000	33.541	
86.617	330.965	0.133	-4.048	-0.239		121.951	-3.780	199702.000	33.588	
89.731	271.992	0.927	-6.869	-0.032		-68.232	12.317	199776.000	33.588	
109.390	164.005	-0.644	-6.379	2.245		-246.524	253.354	199849.000	33.588	
120.284	174.706	-0.272	-5.035	2.940		-198.232	-184.756	199927.000	33.494	
104.367	238.648	1.372	-3.264	0.836		-220.671	-142.378	200005.000	33.541	
83.765	24.609	-0.059	-1.171	-0.128		41.524	-3.780	200082.000	33.635	
107.052	146.115	-0.222	-1.076	0.330		-93.537	-36.463	200155.000	33.635	
97.261	228.607	0.972	-6.722	0.856		-56.220	7.073	200230.000	33.588	
92.907	228.116	0.331	-5.846	0.297		212.134	-142.683	200302.000	33.635	
120.049	219.701	2.154	-4.485	2.595		262.561	-53.598	200377.000	33.588	
117.127	182.813	0.091	-3.608	1.849		641.890	317.866	200452.000	33.541	
89.513	83.290	-0.083	-1.149	-0.010		644.390	325.976	200527.000	33.588	
70.172	350.767	0.032	-0.550	-0.198		219.146	149.634	200602.000	33.541	
94.332	240.255	0.766	-5.775	0.438		169.695	-51.341	200677.000	33.541	
89.908	271.279	0.438	-6.052	-0.010		-27.622	176.037	200751.000	33.541	
115.237	204.313	0.947	-4.448	2.097		130.976	64.268	200825.000	33.588	
113.833	154.660	-0.805	-3.847	1.699		-324.878	-199.878	200899.000	33.541	
103.025	241.853	1.046	-2.419	0.560		-245.854	-348.354	200977.000	33.588	
88.796	88.221	-0.157	-0.232	-0.005		-22.622	-19.695	201054.000	33.588	
91.023	261.178	0.497	-4.321	0.077		-154.695	-199.207	201129.000	33.541	
95.091	191.329	0.110	-6.183	0.551		215.671	-93.293	201205.000	33.494	
131.199	206.142	1.930	-4.491	3.932		199.207	8.110	201279.000	33.588	
109.307	233.761	1.803	-3.771	1.321		425.366	226.585	201352.000	33.588	
112.172	163.386	-0.322	-2.650	1.080		528.841	264.207	201426.000	33.635	
350.410	11.025	-0.125	0.108	-0.642		273.537	153.902	201502.000	33.588	
85.790	298.840	0.443	-3.316	-0.244		78.232	-3.780	201577.000	33.541	
90.530	266.695	1.167	-7.278	0.067		129.512	215.915	201650.000	33.541	
113.735	160.866	-0.904	-5.928	2.606		-18.415	301.890	201724.000	33.635	
127.729	170.443	-0.632	-4.851	3.753		-196.463	-150.061	201800.000	33.494	
106.504	231.133	1.218	-3.313	0.981		-492.988	-130.000	201878.000	33.588	
89.571	273.240	0.155	-1.174	-0.009		-178.537	-248.720	201955.000	33.541	
96.065	197.053	0.049	-1.498	0.159		-236.341	-117.683	202032.000	33.588	
97.698	215.578	0.660	-6.827	0.923		1.341	23.171	202107.000	33.447	
91.521	242.361	0.289	-5.700	0.151		185.793	-79.451	202178.000	33.635	
138.365	210.001	1.924	-2.962	3.332		349.817	-70.793	202252.000	33.541	
113.803	200.809	0.726	-4.328	1.909		594.878	338.476	202328.000	33.588	
97.575	204.009	0.100	-1.682	0.224		652.683	359.512	202402.000	33.541	
35.391	352.330	0.039	-0.206	-0.290		298.354	188.537	202476.000	33.635	
94.381	197.416	0.130	-5.404	0.414		75.244	59.451	202551.000	33.682	
87.517	288.073	0.883	-6.645	-0.288		-92.256	96.463	202622.000	33.541	
124.761	205.126	1.403	-4.312	2.992		139.146	389.329	202696.000	33.588	
111.443	138.745	-1.255	-3.643	1.431		-244.939	-311.220	202771.000	33.447	
109.295	238.751	1.468	-2.544	0.891		-241.707	-228.476	202849.000	33.588	
61.452	20.867	-0.143	-0.688	-0.374		-9.390	-11.768	202927.000	33.588	
94.104	219.548	0.213	-3.593	0.258		-159.268	-146.646	203000.000	33.588	
97.743	218.244	0.716	-6.680	0.908		200.854	-119.634	203076.000	33.635	
120.869	217.749	2.813	-6.079	3.634		357.012	72.500	203151.000	33.541	
112.860	231.739	2.407	-4.503	1.898		504.329	183.598	203225.000	33.588	
111.646	182.395	0.057	-3.413	1.354		754.146	197.012	203299.000	33.635	
73.396	73.856	-0.334	-0.324	-0.097		482.134	264.451	203374.000	33.682	
84.646	321.792	0.191	-2.595	-0.243		196.463	158.293	203449.000	33.682	
93.690	247.710	1.003	-6.375	0.411		117.317	220.976	203525.000	33.635	
102.383	151.757	-0.685	-5.805	1.274		-383.841	248.659	203598.000	33.729	
125.750	181.462	0.098	-5.313	3.825		-107.500	-91.707	203675.000	33.541	
102.188	238.490	1.214	-3.445	0.744		-172.317	-67.073	203751.000	33.682	
78.792	58.846	-0.173	-0.527	-0.104		-34.390	-195.488	203827.000	33.447	
85.649	51.199	-0.145	-1.527	-0.116		-54.390	-23.720	203902.000	33.682	
97.819	217.744	0.666	-6.266	0.860		113.171	-54.756	203977.000	33.541	
94.203	240.336	0.744	-5.768	0.424		457.866	-44.573	204052.000	33.541	
117.583	220.637	2.081	-4.642	2.425		404.756	127.500	204126.000	33.541	
115.493	169.851	-0.295	-3.455	1.647		680.366	243.598	204200.000	33.588	
90.000	90.000	-0.448	-1.466	0.000		341.707	197.378	204276.000	33.541	
70.391	309.820	0.376	-0.880	-0.313		68.171	24.695	204350.000	33.588	
98.190	218.059	0.673	-5.971	0.859		106.707	80.976	204423.000	33.588	
90.402	265.290	0.521	-6.128	0.043		-159.573	123.963	204495.000	33.541	
118.192	207.975	1.490	-5.234	2.806		293.659	-12.622	204570.000	33.729	
116.041	174.257	-0.171	-3.478	1.699		-125.305	-199.146	204645.000	33.541	
90.429	268.449	0.613	-2.215	0.017		107.622	-86.037	204724.000	33.541	
30.745	33.059	-0.147	-0.135	-0.227		200.732	143.171	204797.000	33.635	
94.374	234.543	0.658	-6.129	0.469		-70.854	-20.244	204872.000	33.588	
93.585	204.967	0.172	-5.892	0.369		301.280	22.195	204946.000	33.588	
139.839	207.113	2.185	-3.601	4.267		253.354	161.402	205019.000	33.588	
107.533	228.198	1.605	-4.544	1.436		506.707	328.659	205093.000	33.541	
107.315	142.056	-0.480	-1.977	0.616		856.281	409.207	205168.000	33.588	
346.803	36.441	-0.372	0.118	-0.504		325.671	204.573	205244.000	33.635	
90.067	93.483	-0.112	-5.818	0.007		134.390	-42.988	205320.000	33.494	
85.520	318.720	0.407	-5.921	-0.464		-286.341	153.049	205393.000	33.588	
128.432	206.588	1.957	-4.928	3.910		-7.378	296.707	205469.000	33.541	
112.810	134.771	-1.720	-4.057	1.706		-307.012	-213.720	205543.000	33.588	
101.938	246.868	1.328	-2.684	0.567		-266.402	-233.415	205621.000	33.635	
338.788	20.916	-0.188	0.191	-0.493		90.793	-42.744	205698.000	33.541	
92.512	214.971	0.125	-4.074	0.179		-162.439	-175.549	205771.000	33.541	
91.463	241.595	0.287	-6.080	0.155		336.768	-13.415	205848.000	33.588	
130.092	201.648	1.945	-5.822	4.901		367.622	242.378	205922.000	33.588	
104.232	241.872	2.260	-4.763	1.208		280.610	183.171	205997.000	33.541	
114.110	151.254	-0.822	-3.350	1.499		610.915	241.890	206071.000	33.494	
40.847	28.492	-0.415	-0.661	-0.765		325.671	135.061	206147.000	33.541	
91.304	261.579	0.350	-2.274	0.052		193.354	2.256	206222.000	33.588	
97.440	204.333	0.360	-6.103	0.797		-49.146	26.098	206294.000	33.541	
100.057	145.098	-0.762	-6.156	1.092		-194.085	266.951	206366.000	33.635	
123.710	178.739	-0.065	-4.454	2.972		191.524	-92.683	206443.000	33.541	
100.761	246.774	1.723	-3.890	0.739		-98.110	-186.524	206520.000	33.682	
79.704	310.638	0.248	-1.172	-0.213		-30.671	-32.988	206596.000	33.541	
76.928	27.883	-0.195	-1.590	-0.369		7.134	53.415	206670.000	33.541	
96.723	222.723	0.625	-5.741	0.677		150.915	101.829	206742.000	33.541	
96.045	184.570	0.042	-4.961	0.525		330.366	111.707	206816.000	33.635	
107.775	237.888	2.974	-5.821	1.866		-45.122	-99.878	206889.000	33.588	
120.833	191.051	0.439	-3.770	2.250		985.549	281.890	206964.000	33.635	
105.326	159.001	-0.148	-1.411	0.387		690.732	288.902	207039.000	33.635	
95.129	218.047	0.070	-1.001	0.090		280.305	214.695	207116.000	33.447	
93.344	215.673	0.224	-5.331	0.312		133.049	32.805	207190.000	33.635	
93.764	246.493	0.916	-6.057	0.398		-34.756	115.915	207262.000	33.541	
123.040	199.437	1.075	-4.685	3.047		401.098	-53.171	207336.000	33.541	
108.406	195.755	0.328	-3.495	1.163		5.610	-249.085	207411.000	33.588	
92.609	256.536	0.530	-2.786	0.127		5.854	-320.366	207484.000	33.447	
72.158	44.890	-0.255	-0.795	-0.256		0.671	169.146	207557.000	33.635	
92.580	254.547	0.572	-3.511	0.158		-67.256	31.402	207630.000	33.635	
94.902	189.684	0.091	-6.206	0.532		270.976	48.415	207703.000	33.635	
126.130	211.494	2.459	-5.498	4.014		495.671	161.524	207775.000	33.635	
109.047	237.098	2.728	-5.111	1.765		547.378	24.390	207851.000	33.494	
112.098	199.576	0.473	-3.273	1.329		943.293	426.707	207925.000	33.494	
73.901	10.376	-0.013	-0.240	-0.069		678.354	233.963	208000.000	33.541	
94.833	213.906	0.160	-2.818	0.238		277.500	171.768	208074.000	33.541	
93.774	247.045	0.971	-6.232	0.411		-36.890	96.524	208148.000	33.588	
128.880	190.731	0.935	-6.116	4.932		39.085	366.585	208221.000	33.588	
125.696	172.394	-0.449	-4.683	3.364		275.061	-250.488	208294.000	33.588	
103.732	253.395	2.021	-2.466	0.603		-0.671	-180.732	208371.000	33.541	
73.867	307.296	0.418	-1.101	-0.318		203.171	167.073	208447.000	33.588	
96.306	226.282	0.290	-2.510	0.277		85.366	171.707	208522.000	33.541	
93.213	241.322	0.634	-6.175	0.347		44.695	-44.878	208594.000	33.541	
99.839	233.819	1.272	-5.366	0.931		397.073	29.207	208667.000	33.635	
113.903	237.235	2.989	-4.341	1.924		341.768	34.329	208740.000	33.541	
119.760	198.264	0.682	-3.612	2.065		937.134	368.110	208814.000	33.588	
106.494	175.890	-0.012	-0.551	0.163		825.427	332.561	208888.000	33.588	
94.387	238.966	0.235	-1.846	0.142		328.171	213.354	208964.000	33.541	
97.128	238.841	1.134	-5.482	0.686		196.159	67.073	209038.000	33.588	
96.615	200.608	0.267	-6.113	0.709		-181.098	223.415	209112.000	33.588	
118.170	202.488	1.036	-4.674	2.503		-53.902	-208.537	209186.000	33.541	
113.294	209.364	0.671	-2.770	1.192		-248.049	-69.390	209262.000	33.494	
95.280	235.469	0.213	-1.585	0.146		-128.720	-106.098	209338.000	33.635	
86.952	20.095	-0.015	-0.752	-0.040		-145.305	121.037	209414.000	33.588	
96.546	230.229	0.961	-6.970	0.800		-164.085	-134.512	209489.000	33.635	
92.027	136.096	-0.200	-5.877	0.208		172.134	-111.037	209565.000	33.494	
125.544	208.668	1.416	-3.625	2.590		10.976	-133.232	209642.000	33.541	
114.223	208.166	0.768	-3.187	1.434		387.988	259.634	209717.000	33.541	
97.125	145.444	-0.173	-2.008	0.251		359.268	312.073	209792.000	33.588	
61.690	312.688	0.214	-0.366	-0.197		13.537	71.707	209866.000	33.541	
89.632	275.559	0.401	-6.085	-0.039		-15.610	-154.390	209939.000	33.541	
87.704	308.218	0.326	-6.406	-0.257		-160.671	113.841	210015.000	33.588	
129.820	201.804	1.554	-4.658	3.884		130.427	233.537	210091.000	33.447	
118.160	149.531	-1.181	-3.749	2.007		-360.793	-258.537	210165.000	33.494	
102.762	243.175	1.116	-2.492	0.564		-305.305	-243.598	210244.000	33.541	
338.199	26.518	-0.236	0.189	-0.474		-186.037	-106.951	210321.000	33.541	
98.500	236.873	0.970	-4.234	0.633		-226.280	-125.549	210398.000	33.588	
95.555	203.436	0.283	-6.718	0.653		223.415	-254.146	210473.000	33.541	
131.017	200.085	1.443	-4.538	3.947		-181.280	-49.085	210548.000	33.588	
114.131	225.451	1.375	-3.021	1.354		285.427	342.561	210624.000	33.541	
100.352	190.777	0.065	-1.882	0.344		380.915	391.890	210699.000	33.588	
42.839	3.987	-0.022	-0.299	-0.322		230.854	166.829	210775.000	33.588	
93.162	234.237	0.328	-4.277	0.236		227.195	-5.793	210848.000	33.635	
97.652	209.904	0.501	-6.483	0.871		-54.268	93.659	210921.000	33.541	
132.673	197.301	1.300	-4.526	4.173		92.073	89.085	210994.000	33.541	
119.609	137.036	-1.695	-3.203	1.820		-461.098	-361.707	211066.000	33.541	
92.926	265.847	1.601	-2.273	0.116		-375.000	-163.902	211144.000	33.447	
296.277	16.074	-0.033	0.233	-0.115		-168.720	-120.488	211220.000	33.635	
99.038	210.656	0.556	-5.894	0.938		-270.549	-190.427	211297.000	33.541	
93.966	192.780	0.091	-5.775	0.400		232.256	-48.780	211374.000	33.494	
141.595	204.804	1.962	-3.365	4.245		223.720	144.817	211447.000	33.541	
113.284	221.549	1.788	-4.688	2.018		382.500	297.744	211522.000	33.635	
108.812	142.253	-0.539	-2.044	0.696		637.256	408.293	211597.000	33.588	
320.207	24.110	-0.204	0.380	-0.456		208.598	160.854	211673.000	33.541	
93.922	208.179	0.205	-5.583	0.383		65.793	-43.415	211747.000	33.541	
91.273	254.040	0.509	-6.549	0.146		-224.329	4.207	211820.000	33.494	
145.001	180.354	0.039	-4.422	6.315		-181.707	302.744	211893.000	33.494	
107.986	147.392	-1.098	-5.285	1.716		-196.707	-240.000	211969.000	33.447	
101.060	244.335	1.228	-3.018	0.590		-379.695	-266.220	212047.000	33.447	
19.883	25.894	-0.195	-0.146	-0.402		-120.122	109.878	212124.000	33.682	
94.400	247.965	0.825	-4.341	0.334		-212.561	-31.829	212200.000	33.541	
92.667	175.354	-0.022	-5.933	0.276		261.829	5.366	212275.000	33.541	
138.055	187.852	0.497	-3.239	3.604		-60.671	132.134	212347.000	33.494	
103.866	238.534	1.744	-4.324	1.067		349.085	368.049	212422.000	33.541	
97.391	129.597	-0.503	-3.207	0.416		543.537	294.024	212497.000	33.541	
79.017	68.131	-0.287	-0.594	-0.115		170.671	83.963	212573.000	33.588	
89.074	277.549	0.405	-3.323	-0.054		102.073	-119.573	212646.000	33.494	
92.193	230.793	0.260	-5.533	0.212		21.829	60.610	212722.000	33.541	
99.865	127.590	-1.379	-6.104	1.062		-418.354	257.500	212794.000	33.541	
120.062	201.017	1.069	-4.809	2.783		133.780	-194.329	212870.000	33.494	
98.274	251.127	1.528	-3.593	0.522		5.976	-190.488	212945.000	33.541	
44.454	27.848	-0.164	-0.305	-0.311		86.585	87.927	213018.000	33.541	
89.443	278.601	0.116	-1.808	-0.018		68.902	46.220	213091.000	33.635	
93.365	241.241	0.660	-6.161	0.362		331.463	106.829	213164.000	33.541	
86.921	30.441	-0.177	-5.592	-0.301		179.939	19.451	213238.000	33.494	
121.650	220.985	2.199	-4.106	2.531		431.220	97.683	213312.000	33.588	
112.421	183.348	0.112	-4.653	1.920		782.500	298.537	213386.000	33.541	
80.870	68.364	-0.643	-1.586	-0.255		643.110	165.488	213460.000	33.635	
73.919	319.899	0.172	-0.708	-0.204		273.963	125.549	213535.000	33.588	
96.816	215.686	0.513	-5.973	0.714		226.341	-27.927	213610.000	33.541	
87.340	293.284	0.631	-5.844	-0.271		-10.427	167.561	213684.000	33.541	
112.806	212.276	1.137	-4.280	1.800		478.354	-117.195	213758.000	33.400	
107.693	203.071	0.497	-3.658	1.167		70.183	-181.037	213835.000	33.541	
96.075	225.616	0.229	-2.110	0.225		151.341	-99.146	213910.000	33.635	
72.558	333.087	0.098	-0.612	-0.192		273.049	125.061	213984.000	33.494	
94.266	231.418	0.613	-6.560	0.489		43.902	-41.037	214059.000	33.541	
89.231	15.945	-0.021	-5.601	-0.075		279.878	28.598	214131.000	33.541	
120.315	213.066	1.749	-4.595	2.687		5.915	-123.841	214205.000	33.541	
109.321	221.586	1.231	-3.958	1.388		669.939	205.000	214279.000	33.541	
105.343	168.089	-0.105	-1.822	0.500		577.256	278.354	214353.000	33.494	
45.247	340.577	0.119	-0.341	-0.338		212.012	126.037	214429.000	33.541	
93.559	230.545	0.441	-5.841	0.363		175.610	-23.841	214505.000	33.494	
89.217	277.973	0.600	-6.142	-0.084		-145.549	45.183	214579.000	33.541	
122.656	219.611	2.044	-3.854	2.470		-5.244	75.000	214653.000	33.541	
110.457	148.468	-0.865	-3.780	1.410		-103.963	-118.110	214726.000	33.635	
104.454	239.397	1.260	-2.891	0.745		-134.695	-201.707	214804.000	33.541	
43.941	53.130	-0.395	-0.285	-0.296		143.963	64.085	214881.000	33.494	
86.489	323.274	0.187	-4.074	-0.250		-166.768	-24.512	214955.000	33.635	
89.471	60.433	-0.102	-6.240	-0.058		251.890	15.671	215030.000	33.494	
119.478	216.954	1.750	-4.115	2.326		249.207	131.768	215105.000	33.588	
96.486	254.401	1.924	-4.725	0.537		743.049	211.098	215180.000	33.635	
99.350	134.327	-0.463	-2.746	0.452		981.951	194.085	215254.000	33.541	
315.813	49.306	-0.446	0.373	-0.384		472.927	209.512	215328.000	33.494	
93.000	183.606	0.015	-4.436	0.232		-23.902	-4.207	215403.000	33.541	
87.595	284.085	1.070	-6.394	-0.269		-216.159	94.939	215476.000	33.447	
127.645	190.779	0.901	-6.138	4.734		-66.463	226.037	215550.000	33.494	
116.277	159.126	-0.719	-3.817	1.885		124.878	-130.549	215625.000	33.494	
95.619	261.070	1.964	-3.137	0.309		-105.671	-136.280	215703.000	33.541	
78.408	329.931	0.086	-0.724	-0.148		146.098	-20.305	215779.000	33.541	
84.725	347.550	0.050	-2.443	-0.226		-61.402	13.780	215854.000	33.635	
94.413	176.555	-0.030	-6.517	0.503		345.305	109.939	215927.000	33.494	
109.972	211.980	1.365	-6.017	2.187		256.951	18.476	216002.000	33.588	
112.955	231.668	2.720	-5.077	2.150		325.732	-92.927	216076.000	33.541	
114.557	183.754	0.093	-3.095	1.414		868.171	360.671	216151.000	33.541	
88.694	51.147	-0.035	-1.242	-0.028		667.439	245.549	216225.000	33.588	
98.103	195.886	0.070	-1.735	0.247		247.927	145.732	216301.000	33.541	
99.459	204.558	0.440	-5.785	0.964		60.244	95.061	216375.000	33.541	
90.366	266.139	0.550	-5.815	0.037		-163.476	182.927	216446.000	33.541	
115.651	205.122	1.067	-4.740	2.276		40.366	-87.561	216521.000	33.588	
114.169	188.896	0.224	-3.184	1.429		-275.427	-160.488	216595.000	33.588	
96.805	252.405	0.884	-2.349	0.280		28.598	-171.220	216672.000	33.588	
96.510	102.270	-0.436	-0.830	0.095		124.451	66.524	216745.000	33.494	
90.414	266.727	0.632	-4.998	0.036		-46.402	-13.354	216819.000	33.494	
92.396	145.985	-0.160	-5.671	0.237		471.829	118.232	216893.000	33.541	
115.660	212.534	1.437	-4.688	2.252		147.805	51.037	216969.000	33.541	
100.307	247.688	1.809	-4.081	0.742		619.146	153.598	217042.000	33.494	
102.006	170.275	-0.101	-2.760	0.587		932.256	283.415	217117.000	33.541	
86.405	41.392	-0.051	-0.917	-0.058		450.854	205.610	217193.000	33.494	
86.875	334.063	0.104	-3.936	-0.215		106.037	109.634	217268.000	33.541	
87.750	285.809	0.869	-6.265	-0.246		97.561	196.341	217342.000	33.541	
116.066	188.707	0.492	-6.570	3.214		-115.244	314.939	217416.000	33.541	
121.773	159.700	-0.951	-4.151	2.571		-18.780	-76.037	217492.000	33.541	
97.865	246.694	1.129	-3.521	0.486		-267.378	6.463	217569.000	33.494	
103.400	200.246	0.139	-1.578	0.376		-37.683	-157.744	217641.000	33.494	
91.958	97.245	-0.515	-1.914	0.065		-310.061	-60.244	217717.000	33.541	
93.188	243.401	0.653	-5.874	0.327		-142.622	-43.598	217792.000	33.541	
88.294	25.476	-0.079	-5.575	-0.166		316.159	-147.195	217867.000	33.588	
120.800	220.840	1.712	-3.322	1.980		267.500	-119.634	217943.000	33.447	
107.571	218.372	0.999	-3.984	1.262		649.329	269.573	218018.000	33.588	
94.601	158.136	-0.062	-1.905	0.153		652.561	209.512	218093.000	33.541	
90.788	262.763	0.123	-1.137	0.016		251.646	176.098	218169.000	33.588	
96.365	223.601	0.585	-5.507	0.614		229.451	62.561	218243.000	33.494	
89.105	279.315	0.554	-5.815	-0.091		33.963	162.195	218315.000	33.494	
110.662	199.407	0.599	-4.506	1.699		141.402	28.598	218389.000	33.541	
113.512	165.539	-0.335	-2.985	1.299		-184.573	-90.610	218463.000	33.541	
96.873	243.032	0.608	-2.568	0.310		-73.780	-101.829	218540.000	33.588	
99.472	126.447	-0.213	-0.942	0.157		163.415	102.561	218614.000	33.541	
87.627	296.974	0.382	-4.689	-0.194		-45.427	11.585	218689.000	33.588	
91.994	136.000	-0.192	-5.722	0.199		307.683	-21.524	218764.000	33.494	
121.782	204.585	1.288	-4.544	2.815		176.098	80.000	218839.000	33.541	
99.753	250.444	1.963	-4.057	0.697		402.317	118.476	218912.000	33.541	
107.762	149.593	-0.541	-2.878	0.922		695.671	224.939	218986.000	33.588	
79.883	331.750	0.070	-0.733	-0.131		219.390	145.122	219062.000	33.541	
87.362	12.529	-0.035	-3.434	-0.158		72.195	39.512	219137.000	33.447	
89.915	270.826	0.609	-5.907	-0.009		-174.085	57.073	219209.000	33.541	
103.223	163.037	-0.491	-6.854	1.610		-199.390	140.305	219284.000	33.588	
128.393	169.594	-0.632	-4.342	3.440		-94.756	-92.500	219362.000	33.588	
107.212	211.026	0.634	-3.401	1.054		-420.976	-124.878	219438.000	33.447	
97.383	252.910	0.642	-1.522	0.197		-37.683	-130.549	219514.000	33.494	
92.010	96.023	-0.426	-1.280	0.045		-2.317	-12.744	219589.000	33.541	

	
