130.264	215.377	1.593	-2.648	2.243	61.220	69.085	64.878	491.000	36.412	
131.667	218.254	1.762	-2.511	2.234	-16.646	-11.159	-11.159	1084.000	36.553	
130.897	215.642	1.636	-2.634	2.281	-3.780	11.280	27.256	1164.000	36.647	
131.068	216.272	1.650	-2.581	2.249	-34.268	-7.866	4.390	1241.000	36.600	
131.346	216.463	1.650	-2.538	2.233	-21.768	-26.524	-4.817	1317.000	36.506	
131.691	213.547	1.557	-2.636	2.348	-25.000	-4.390	-25.183	1396.000	36.600	
131.367	216.229	1.651	-2.560	2.254	-22.378	-23.354	-34.634	1475.000	36.600	
131.141	217.300	1.702	-2.558	2.234	-16.524	-1.037	-16.037	1556.000	36.694	
131.381	217.020	1.707	-2.569	2.264	-19.756	17.134	-14.146	1635.000	36.600	
131.331	217.497	1.706	-2.528	2.224	-20.915	17.622	6.707	1714.000	36.694	
130.931	217.495	1.722	-2.588	2.244	-3.963	27.073	34.085	1790.000	36.647	
131.430	217.009	1.698	-2.553	2.253	2.195	31.829	55.915	1867.000	36.600	
130.062	217.397	1.689	-2.628	2.210	16.951	40.305	92.256	1943.000	36.741	
130.706	216.318	1.645	-2.601	2.237	0.671	64.634	122.012	2021.000	36.741	
130.261	216.989	1.640	-2.570	2.177	23.720	92.256	153.415	2098.000	36.694	
130.162	216.214	1.624	-2.628	2.218	44.695	123.537	176.402	2176.000	36.600	
129.378	216.542	1.607	-2.643	2.169	81.829	165.976	181.220	2254.000	36.647	
128.789	217.279	1.641	-2.682	2.155	106.220	196.890	185.305	2333.000	36.741	
128.314	219.426	1.738	-2.676	2.114	145.366	244.817	214.451	2414.000	36.694	
128.552	221.337	1.813	-2.587	2.062	158.902	296.159	240.000	2494.000	36.788	
127.292	220.902	1.797	-2.724	2.074	150.549	280.061	241.280	2574.000	36.788	
125.987	222.009	1.824	-2.789	2.025	113.049	212.317	217.866	2654.000	36.694	
127.257	224.382	1.971	-2.647	2.014	122.378	203.841	235.976	2734.000	36.835	
128.137	223.887	1.946	-2.577	2.023	161.037	244.878	253.720	2814.000	36.835	
128.157	218.685	1.703	-2.707	2.127	127.134	213.476	237.683	2894.000	36.835	
125.896	219.749	1.698	-2.821	2.042	98.171	184.390	255.366	2974.000	36.835	
125.746	222.176	1.750	-2.684	1.932	71.951	182.378	256.098	3053.000	36.835	
127.366	222.000	1.801	-2.619	2.000	84.451	189.390	281.037	3132.000	36.835	
126.116	211.737	1.267	-2.807	2.048	180.610	477.134	431.768	3602.000	36.788	
126.020	204.438	0.988	-2.991	2.175	251.341	462.195	465.183	3682.000	36.882	
124.841	211.025	1.219	-2.911	2.026	244.878	509.085	448.049	3763.000	36.835	
127.509	207.067	1.134	-2.891	2.219	305.915	532.927	450.793	3843.000	36.929	
124.207	209.032	1.162	-3.080	2.094	264.390	559.512	463.537	3922.000	36.835	
125.967	212.724	1.338	-2.869	2.082	194.573	670.549	496.707	4002.000	36.835	
129.157	207.937	1.358	-3.146	2.562	260.671	533.659	267.317	4082.000	36.882	
127.881	210.110	1.190	-2.639	2.053	151.280	418.415	258.293	4163.000	36.788	
132.751	211.783	1.406	-2.455	2.270	132.866	317.500	244.634	4243.000	36.882	
134.103	223.565	2.014	-2.185	2.117	204.268	344.634	127.439	4323.000	36.976	
132.018	215.065	1.777	-2.811	2.532	190.732	331.768	209.878	4403.000	36.929	
127.136	227.497	1.998	-2.418	1.831	201.280	369.756	277.500	4483.000	36.929	
130.739	222.612	1.964	-2.479	2.135	253.476	377.622	258.049	4563.000	36.929	
127.266	223.139	1.890	-2.650	2.017	222.866	257.744	222.683	4643.000	36.929	
124.692	226.344	1.959	-2.700	1.869	161.220	177.561	191.220	4723.000	36.882	
126.414	225.178	1.890	-2.546	1.878	32.683	82.378	107.744	4803.000	36.882	
124.092	227.512	2.010	-2.720	1.841	-63.110	25.671	99.329	4881.000	36.976	
126.009	222.352	1.873	-2.827	2.055	-194.390	-43.232	106.585	4960.000	36.929	
126.504	224.475	2.271	-3.126	2.313	-29.939	2.500	165.183	5041.000	36.976	
126.589	220.062	1.817	-2.911	2.161	-76.463	68.780	126.341	5118.000	36.929	
130.222	208.070	1.119	-2.481	2.099	-35.183	77.439	149.756	5197.000	36.929	
135.061	198.932	0.786	-2.287	2.292	117.134	-67.439	94.939	5276.000	36.929	
130.112	213.424	1.702	-3.062	2.579	24.146	5.000	52.866	5356.000	36.929	
125.091	204.000	0.794	-2.538	1.783	15.488	13.232	121.585	5432.000	36.976	
128.548	206.680	1.176	-2.937	2.340	68.049	56.098	98.537	5510.000	36.882	
123.110	212.694	1.220	-2.914	1.900	66.402	161.220	85.610	5586.000	36.835	
128.763	212.917	1.309	-2.518	2.021	-23.415	90.000	-1.585	6057.000	36.976	
132.665	223.344	1.854	-2.131	1.964	17.683	-4.939	-10.854	6135.000	37.024	
129.768	221.698	2.050	-2.765	2.301	82.073	102.439	-33.293	6213.000	37.024	
123.541	222.088	1.768	-2.952	1.957	51.220	58.293	65.000	6292.000	36.929	
123.266	230.428	1.868	-2.354	1.544	25.854	90.000	51.890	6370.000	36.976	
124.620	224.289	1.905	-2.829	1.953	45.732	12.012	-11.098	6447.000	37.071	
120.845	227.647	1.856	-2.834	1.692	-53.476	-73.841	-16.037	6524.000	37.024	
118.961	229.073	1.844	-2.889	1.599	-97.927	-106.402	-15.976	6604.000	37.024	
117.949	230.857	1.895	-2.906	1.542	-70.366	-107.012	12.256	6685.000	37.071	
116.536	228.899	1.768	-3.088	1.542	-149.329	-148.963	19.878	6766.000	36.976	
125.165	218.998	1.791	-3.140	2.212	-149.451	-168.049	58.110	6847.000	36.976	
124.535	218.829	1.752	-3.163	2.177	15.366	-83.963	66.341	6928.000	37.118	
126.259	218.886	1.600	-2.704	1.983	-20.732	17.378	43.963	7006.000	37.024	
130.267	196.473	0.632	-2.522	2.137	62.561	-42.378	34.024	7084.000	37.071	
129.538	207.047	1.252	-2.971	2.452	14.146	-129.329	-66.707	7161.000	37.071	
123.615	215.073	1.438	-3.082	2.049	27.500	-48.659	-28.963	7242.000	37.165	
124.502	204.462	0.853	-2.727	1.874	-35.305	-11.951	-10.427	7321.000	36.976	
123.924	211.545	1.227	-2.971	1.998	50.305	-1.463	13.171	7401.000	36.976	
122.700	213.400	1.178	-2.782	1.786	65.915	92.988	16.951	7478.000	37.071	
122.744	212.602	1.322	-3.215	2.067	10.793	140.915	38.780	7555.000	37.118	
121.020	216.427	1.364	-3.074	1.849	25.183	218.171	59.024	7633.000	37.024	
118.855	220.293	1.529	-3.273	1.804	-12.378	288.963	86.280	7711.000	37.071	
123.976	215.000	1.679	-3.558	2.397	-25.305	218.537	11.768	7790.000	37.071	
122.728	215.869	1.356	-2.919	1.876	-49.329	5.976	-36.159	7869.000	37.071	
131.544	216.226	1.530	-2.357	2.089	-22.500	-13.476	4.207	7947.000	37.071	
133.701	224.562	2.093	-2.224	2.125	87.256	41.646	-38.963	8025.000	37.071	
126.899	215.195	1.629	-3.076	2.310	103.841	57.805	15.305	8103.000	37.118	
124.020	225.727	1.754	-2.533	1.710	90.549	40.854	-44.390	8181.000	37.024	
123.725	224.116	1.901	-2.938	1.961	-232.805	-175.976	-27.073	8640.000	37.071	
127.316	222.043	2.044	-2.974	2.267	-72.073	-75.854	16.829	8722.000	37.118	
127.427	217.326	1.593	-2.729	2.089	-76.037	-91.098	34.146	8801.000	37.118	
131.172	208.735	1.120	-2.336	2.043	-59.756	-95.183	3.415	8880.000	37.118	
134.504	204.403	1.167	-2.617	2.572	-17.439	-155.549	-56.524	8957.000	37.118	
125.020	218.760	1.742	-3.097	2.170	-3.902	-69.329	-44.451	9039.000	37.118	
125.923	208.767	0.963	-2.421	1.754	-46.585	-52.805	5.610	9118.000	37.024	
126.602	210.305	1.338	-3.082	2.289	24.756	-31.829	35.488	9196.000	37.118	
124.071	216.695	1.411	-2.800	1.894	25.549	85.061	79.390	9274.000	37.118	
123.632	216.735	1.442	-2.905	1.933	48.415	159.634	74.573	9351.000	37.071	
121.882	215.000	1.346	-3.090	1.922	45.732	247.927	111.829	9428.000	37.024	
118.972	218.433	1.411	-3.212	1.778	30.854	310.061	119.512	9508.000	37.118	
122.735	217.147	1.611	-3.309	2.127	-27.134	299.878	85.000	9587.000	37.118	
120.620	220.130	1.594	-3.194	1.891	26.098	105.488	-22.805	9666.000	37.118	
123.892	218.540	1.503	-2.809	1.887	-22.378	64.817	-2.927	9745.000	37.118	
128.860	222.895	1.728	-2.308	1.859	41.890	-0.427	12.195	9823.000	37.118	
132.039	224.738	2.022	-2.264	2.041	78.293	54.085	-4.695	9900.000	37.071	
127.608	217.918	1.903	-3.172	2.443	9.817	-51.646	-1.829	9977.000	37.118	
121.149	229.317	1.746	-2.483	1.501	-15.671	-35.183	17.012	10054.000	37.118	
125.269	228.090	1.992	-2.528	1.788	26.098	-9.146	-77.439	10134.000	37.118	
121.439	224.007	1.688	-2.859	1.748	-31.890	-116.646	-75.915	10213.000	37.118	
118.235	228.793	1.838	-2.997	1.609	-50.366	-179.878	-60.915	10295.000	37.071	
115.270	231.978	1.867	-3.093	1.460	-145.427	-154.085	-10.854	10378.000	37.118	
117.597	227.497	1.741	-3.053	1.596	-210.976	-219.024	-53.415	10461.000	37.165	
124.269	224.943	1.957	-2.878	1.961	-158.232	-151.829	-33.232	10544.000	37.212	
126.386	215.142	1.815	-3.500	2.579	-162.317	-87.439	15.244	10627.000	37.165	
122.993	213.853	1.220	-2.801	1.818	17.195	4.085	-50.854	11101.000	37.071	
121.480	217.527	1.462	-3.108	1.903	-26.524	59.817	-99.573	11180.000	37.212	
118.072	217.562	1.262	-3.076	1.641	-67.256	171.890	-24.939	11259.000	37.165	
118.085	212.562	1.089	-3.195	1.705	-78.293	124.085	24.573	11340.000	37.165	
114.262	221.974	1.277	-3.150	1.420	-142.317	75.488	13.659	11420.000	37.165	
121.108	215.783	1.439	-3.310	1.997	-194.878	73.049	46.402	11501.000	37.259	
119.463	216.826	1.368	-3.234	1.827	-131.280	-142.622	-11.280	11581.000	37.165	
125.520	220.074	1.771	-2.948	2.104	-83.354	-169.756	-117.195	11664.000	37.165	
126.609	227.133	2.013	-2.515	1.868	148.110	-103.354	-109.024	11747.000	37.118	
120.591	218.055	1.549	-3.347	1.979	-4.085	-118.232	-105.305	11830.000	37.165	
118.972	225.224	1.503	-2.693	1.491	-77.622	-214.329	-177.195	11913.000	37.118	
120.324	226.140	1.827	-3.002	1.756	-77.378	-264.146	-220.610	11996.000	37.165	
119.386	223.573	1.491	-2.783	1.567	-97.561	-322.378	-203.476	12079.000	37.165	
119.859	223.777	1.791	-3.256	1.869	-67.378	-312.500	-190.854	12162.000	37.165	
112.978	232.412	1.926	-3.496	1.482	-213.049	-248.232	-169.085	12246.000	37.165	
123.466	221.398	1.919	-3.293	2.177	-262.317	-183.476	-103.049	12329.000	37.212	
126.557	210.786	1.130	-2.558	1.896	-97.683	-177.805	-54.207	12413.000	37.118	
131.135	205.560	1.128	-2.700	2.358	-35.549	-263.780	-196.585	12495.000	37.165	
126.105	212.572	1.382	-2.966	2.163	-61.098	-325.793	-183.354	12579.000	37.212	
125.073	212.325	1.180	-2.655	1.864	-26.768	-249.146	-181.524	12662.000	37.165	
126.684	207.736	1.114	-2.845	2.119	7.683	-227.988	-167.805	12745.000	37.212	
123.338	213.358	1.261	-2.911	1.915	35.793	-121.646	-150.000	12826.000	37.165	
123.635	211.540	1.159	-2.839	1.889	-30.427	-2.622	-136.220	12909.000	37.212	
121.280	214.804	1.367	-3.237	1.967	-84.695	142.622	-113.049	12990.000	37.212	
122.662	221.441	1.914	-3.382	2.168	-188.476	210.366	-16.402	13072.000	37.259	
127.606	210.982	1.626	-3.516	2.708	18.720	-125.305	-127.256	13154.000	37.212	
121.308	223.788	1.694	-2.906	1.768	-136.037	-226.951	-109.817	13628.000	37.259	
118.779	228.130	1.846	-3.012	1.654	-101.098	-232.134	-81.220	13712.000	37.259	
120.120	226.568	1.814	-2.961	1.718	-200.366	-254.817	-106.829	13795.000	37.212	
114.417	231.620	1.813	-3.162	1.436	-284.207	-200.305	-59.207	13880.000	37.306	
121.796	223.046	1.839	-3.176	1.969	-290.427	-120.000	-47.988	13963.000	37.259	
120.470	219.220	1.656	-3.449	2.029	-50.793	-71.890	63.963	14046.000	37.212	
123.486	221.442	1.554	-2.660	1.760	-49.390	-63.476	4.268	14126.000	37.212	
127.629	198.933	0.657	-2.485	1.916	62.134	-181.768	-23.841	14205.000	37.212	
129.793	201.511	0.998	-3.040	2.532	115.244	-332.317	-172.866	14286.000	37.165	
121.707	211.399	1.147	-3.043	1.880	44.939	-314.939	-273.049	14369.000	37.212	
123.377	208.906	1.008	-2.771	1.825	16.280	-280.427	-254.085	14451.000	37.165	
123.596	211.287	1.218	-3.017	2.004	61.951	-207.439	-234.756	14534.000	37.212	
125.851	209.539	1.166	-2.848	2.058	-0.488	-135.671	-249.329	14616.000	37.259	
125.743	209.407	1.302	-3.209	2.310	-9.451	-44.390	-163.841	14698.000	37.212	
121.623	213.175	1.352	-3.357	2.067	-190.976	46.829	-50.000	14779.000	37.306	
131.583	207.416	1.571	-3.414	3.029	-186.707	-60.732	-137.866	14860.000	37.353	
137.599	217.082	1.811	-2.188	2.396	-200.061	74.390	-27.073	14944.000	37.306	
139.157	215.470	1.392	-1.688	1.953	-2.256	53.720	50.854	15025.000	37.306	
133.105	217.528	1.863	-2.592	2.426	-17.134	31.707	-92.500	15102.000	37.306	
127.524	217.557	1.618	-2.740	2.104	-67.012	-59.939	1.402	15182.000	37.212	
127.188	222.799	1.734	-2.469	1.873	-28.537	-76.707	-63.293	15262.000	37.212	
125.582	221.047	1.638	-2.629	1.881	-25.854	-168.902	-131.341	15343.000	37.353	
124.070	222.929	1.640	-2.606	1.763	-144.451	-214.756	-115.793	15426.000	37.306	
123.627	226.185	2.120	-3.059	2.034	-164.573	-228.110	-108.537	15510.000	37.259	
121.946	221.854	1.797	-3.217	2.006	-284.146	-195.671	-89.146	15595.000	37.165	
124.947	223.292	2.192	-3.330	2.327	-82.988	-187.866	59.207	15678.000	37.400	
124.522	204.367	0.963	-3.091	2.126	108.110	-101.280	-141.037	16151.000	37.165	
126.556	206.619	1.043	-2.807	2.081	63.841	15.183	-166.890	16235.000	37.212	
124.285	208.358	1.127	-3.063	2.088	-9.695	116.463	-113.780	16315.000	37.259	
120.895	212.114	1.309	-3.484	2.085	-96.707	170.061	-0.976	16396.000	37.353	
125.714	209.138	1.487	-3.711	2.668	-224.329	180.366	68.537	16476.000	37.259	
125.890	215.128	1.479	-2.904	2.102	-206.890	-52.500	-40.244	16557.000	37.306	
135.829	216.319	1.385	-1.830	1.884	-82.744	27.988	-8.293	16640.000	37.259	
131.586	219.631	1.836	-2.498	2.217	94.634	-21.646	-94.146	16718.000	37.259	
128.090	212.999	1.492	-2.932	2.298	42.927	-54.512	-91.280	16798.000	37.259	
125.697	221.844	1.665	-2.588	1.859	3.780	-112.500	-107.866	16878.000	37.259	
124.856	221.723	1.696	-2.731	1.902	-46.524	-161.524	-179.024	16959.000	37.212	
121.388	223.849	1.619	-2.763	1.686	-109.207	-203.232	-110.061	17043.000	37.353	
122.117	223.620	1.800	-3.009	1.889	-178.171	-155.427	-93.841	17127.000	37.353	
119.734	222.693	1.710	-3.245	1.854	-200.549	-140.915	-31.098	17210.000	37.353	
122.095	222.339	1.663	-2.910	1.825	-368.171	-141.768	-49.878	17293.000	37.259	
116.307	227.865	2.039	-3.731	1.845	82.256	-183.232	15.366	17377.000	37.306	
124.294	216.557	1.300	-2.570	1.753	-96.037	-35.671	55.854	17457.000	37.306	
133.502	195.028	0.610	-2.396	2.273	151.524	-102.439	-140.549	17537.000	37.353	
130.433	211.127	1.606	-3.122	2.660	160.061	-167.317	-157.073	17619.000	37.400	
120.967	216.244	1.269	-2.884	1.730	-95.061	-101.768	-153.720	17703.000	37.353	
125.705	209.745	1.156	-2.815	2.023	22.927	-81.402	-73.049	17786.000	37.306	
122.541	217.561	1.392	-2.836	1.810	57.256	21.585	-18.354	17866.000	37.306	
123.133	214.370	1.302	-2.916	1.903	-26.037	76.159	-81.341	17945.000	37.400	
120.943	216.940	1.444	-3.204	1.921	-13.720	94.451	-67.195	18025.000	37.259	
123.260	221.378	1.777	-3.076	2.018	-54.939	116.037	-30.732	18106.000	37.259	
127.663	214.113	1.811	-3.463	2.673	-61.646	-13.354	-110.305	18187.000	37.259	
125.929	224.911	1.878	-2.600	1.884	-34.329	-141.951	-112.134	18659.000	37.259	
123.465	224.269	1.776	-2.757	1.822	-114.207	-143.171	-76.829	18742.000	37.306	
125.245	224.070	1.835	-2.683	1.896	-171.159	-168.598	-73.902	18825.000	37.353	
117.921	226.867	1.872	-3.310	1.754	-203.902	-185.549	-41.524	18908.000	37.259	
123.979	222.603	2.102	-3.391	2.285	-211.646	-193.171	30.488	18992.000	37.447	
124.275	222.656	1.762	-2.806	1.912	-154.878	-76.707	66.829	19074.000	37.259	
135.427	203.452	1.002	-2.275	2.310	-247.622	-170.000	-44.268	19154.000	37.259	
132.944	206.046	1.186	-2.606	2.426	44.817	-284.268	-146.402	19237.000	37.306	
122.587	223.605	1.819	-2.988	1.910	-28.902	-185.671	-215.976	19320.000	37.259	
122.251	209.340	0.941	-2.654	1.675	-53.720	-146.646	-178.780	19403.000	37.306	
120.778	215.389	1.238	-2.927	1.743	-1.280	-110.244	-179.939	19486.000	37.306	
120.314	215.871	1.326	-3.137	1.834	-124.146	21.402	-91.098	19568.000	37.353	
120.455	216.825	1.490	-3.385	1.990	-47.317	64.878	-27.805	19650.000	37.353	
127.270	213.621	1.732	-3.424	2.605	-138.720	-27.195	-204.085	19730.000	37.353	
127.829	217.137	1.719	-2.923	2.270	-203.171	-55.488	13.171	19813.000	37.306	
136.960	225.180	1.871	-1.736	1.859	35.976	54.268	36.402	19894.000	37.353	
133.547	222.543	2.015	-2.310	2.195	61.280	85.305	-86.524	19972.000	37.353	
125.156	224.317	1.982	-2.883	2.030	-14.451	-19.634	-18.902	20051.000	37.353	
122.589	231.263	1.950	-2.447	1.564	-9.085	17.744	-9.024	20132.000	37.353	
124.046	226.493	1.903	-2.674	1.807	-35.671	-67.988	-29.390	20210.000	37.259	
120.501	228.605	1.887	-2.823	1.663	-117.256	-162.256	-34.939	20291.000	37.353	
117.959	231.232	1.949	-2.949	1.565	-132.622	-133.232	-2.622	20374.000	37.259	
115.472	231.233	1.716	-2.893	1.378	-184.695	-146.768	-18.963	20457.000	37.353	
113.678	234.780	2.022	-3.256	1.428	-107.256	-167.927	0.854	20540.000	37.353	
119.186	225.849	2.106	-3.661	2.045	-50.793	-85.183	79.390	20621.000	37.353	
118.590	220.565	1.423	-3.050	1.662	-40.671	-76.829	122.866	20701.000	37.353	
122.128	215.618	1.275	-2.835	1.780	86.402	61.037	-37.622	21173.000	37.400	
125.264	216.037	1.479	-2.874	2.032	52.622	155.671	-48.293	21252.000	37.306	
119.900	220.275	1.696	-3.481	2.002	4.817	226.220	-22.012	21332.000	37.306	
130.193	214.718	1.935	-3.305	2.792	-121.707	261.098	4.024	21411.000	37.306	
130.326	221.797	1.878	-2.475	2.101	-107.988	161.341	39.817	21491.000	37.353	
135.403	224.883	1.670	-1.653	1.677	-1.768	100.122	94.329	21572.000	37.259	
129.208	222.220	2.229	-3.012	2.457	33.720	39.817	-96.037	21651.000	37.353	
120.639	230.015	1.834	-2.597	1.538	13.232	14.878	74.817	21731.000	37.447	
123.078	231.667	2.100	-2.549	1.660	37.866	3.354	-19.512	21809.000	37.259	
121.092	229.053	1.963	-2.824	1.703	-3.780	-125.061	-36.463	21886.000	37.400	
118.867	231.445	1.963	-2.838	1.564	-50.244	-108.293	24.939	21967.000	37.353	
119.266	231.440	1.983	-2.821	1.581	-72.012	-124.634	21.341	22048.000	37.447	
116.265	231.540	1.951	-3.141	1.550	-49.756	-147.378	40.366	22130.000	37.400	
120.521	226.630	2.100	-3.364	1.983	-137.439	-90.427	69.207	22211.000	37.306	
121.157	228.515	2.151	-3.146	1.902	12.805	60.610	109.512	22292.000	37.353	
128.101	215.639	1.452	-2.583	2.025	-65.915	-1.829	86.951	22371.000	37.353	
132.125	198.340	0.707	-2.358	2.133	62.073	-104.268	-27.805	22450.000	37.353	
129.447	214.462	1.786	-3.163	2.603	106.037	-114.146	-32.195	22532.000	37.447	
120.583	219.143	1.324	-2.753	1.627	-9.329	-36.463	-24.756	22614.000	37.400	
124.822	213.314	1.245	-2.724	1.895	96.951	-14.634	-6.037	22693.000	37.306	
120.495	216.935	1.337	-3.020	1.778	93.841	73.902	1.768	22772.000	37.400	
123.298	213.180	1.249	-2.908	1.910	32.195	104.634	-4.512	22849.000	37.400	
121.192	217.584	1.511	-3.242	1.963	40.061	141.707	14.756	22929.000	37.400	
124.243	217.425	1.655	-3.178	2.163	-76.890	185.183	104.756	23008.000	37.400	
124.988	215.928	1.799	-3.547	2.482	-64.024	31.098	34.756	23089.000	37.400	
131.738	222.095	1.635	-2.028	1.810	-14.817	121.585	51.951	23168.000	37.400	
135.811	223.753	1.843	-1.871	1.925	148.720	128.232	91.768	23247.000	37.400	
119.569	229.153	1.774	-2.704	1.534	-130.549	-92.927	-41.829	23718.000	37.400	
116.189	231.852	1.907	-3.046	1.498	-80.793	-111.951	-95.366	23801.000	37.353	
116.065	228.654	1.822	-3.278	1.604	-90.366	-104.939	-3.293	23883.000	37.306	
122.354	223.611	2.161	-3.581	2.269	-79.512	-39.146	71.037	23964.000	37.400	
121.022	220.519	1.384	-2.692	1.619	-95.610	0.549	51.890	24044.000	37.306	
131.886	209.569	1.267	-2.489	2.232	-78.354	-140.183	-91.341	24122.000	37.306	
129.230	210.751	1.383	-2.847	2.324	47.744	-189.573	-67.805	24205.000	37.447	
122.474	222.219	1.722	-2.981	1.897	-20.061	-130.549	-107.927	24286.000	37.353	
123.318	210.396	1.009	-2.616	1.720	18.963	-87.805	-50.244	24369.000	37.353	
122.990	214.829	1.378	-3.051	1.980	112.378	-27.439	-23.841	24449.000	37.353	
122.149	217.796	1.363	-2.797	1.758	90.671	47.744	-35.366	24529.000	37.353	
122.765	216.699	1.489	-3.104	1.998	36.707	151.768	15.610	24609.000	37.353	
117.692	216.167	1.335	-3.479	1.826	-62.317	248.720	172.500	24688.000	37.353	
127.812	214.277	1.921	-3.632	2.818	-53.232	122.805	27.744	24769.000	37.400	
128.649	229.820	1.814	-1.916	1.532	-129.390	113.841	71.402	24849.000	37.306	
134.763	220.269	1.889	-2.248	2.229	36.585	92.805	59.756	24930.000	37.353	
125.467	226.302	2.000	-2.683	1.911	76.951	50.854	-81.280	25009.000	37.400	
123.087	229.752	1.991	-2.587	1.686	-23.537	19.878	-2.927	25088.000	37.306	
124.794	224.985	1.860	-2.679	1.861	-55.000	-77.073	-121.280	25166.000	37.400	
122.517	229.242	1.931	-2.610	1.664	-43.049	-216.768	-116.768	25248.000	37.447	
119.710	230.334	2.013	-2.925	1.669	-54.817	-163.354	-77.195	25332.000	37.400	
119.511	227.920	1.831	-2.921	1.653	-65.549	-197.195	-45.793	25414.000	37.353	
117.959	230.325	1.907	-2.980	1.582	-98.598	-190.732	-42.744	25496.000	37.400	
116.815	230.740	1.882	-3.043	1.538	-168.537	-134.024	11.585	25578.000	37.447	
123.827	223.048	2.187	-3.493	2.341	-78.415	-124.878	44.878	25660.000	37.447	
125.022	217.506	1.499	-2.787	1.953	-47.317	-50.854	108.232	25742.000	37.400	
123.525	215.868	1.349	-2.815	1.865	45.244	97.195	46.463	26214.000	37.447	
123.651	216.812	1.493	-2.997	1.995	-17.256	163.902	66.829	26292.000	37.400	
120.058	216.879	1.449	-3.338	1.932	-6.463	138.232	72.866	26372.000	37.306	
124.710	219.460	1.868	-3.276	2.270	-123.780	228.841	149.573	26451.000	37.400	
125.391	220.640	1.828	-2.998	2.130	-46.280	77.317	43.293	26533.000	37.259	
129.767	220.310	1.508	-2.136	1.777	94.268	84.756	48.598	26612.000	37.353	
131.490	222.003	2.086	-2.619	2.316	170.732	50.183	37.012	26690.000	37.353	
126.218	218.703	1.634	-2.784	2.039	90.305	47.195	68.720	26769.000	37.353	
124.747	225.806	1.653	-2.317	1.607	77.378	27.866	88.537	26847.000	37.306	
125.262	223.920	1.932	-2.837	2.006	44.146	-1.829	-42.195	26926.000	37.400	
121.232	224.304	1.668	-2.818	1.709	-42.927	-56.951	-23.232	27004.000	37.353	
122.403	224.640	1.774	-2.831	1.797	-105.488	-62.561	-21.768	27085.000	37.306	
119.743	227.390	1.853	-2.982	1.704	-113.720	-96.829	-38.415	27167.000	37.353	
125.552	221.171	2.056	-3.289	2.351	-178.415	-83.963	-36.402	27250.000	37.400	
120.817	222.878	1.802	-3.253	1.940	-49.756	-19.146	49.939	27332.000	37.447	
127.658	218.051	1.460	-2.417	1.865	-113.110	-66.463	44.878	27412.000	37.353	
133.344	200.485	0.876	-2.484	2.345	42.256	-104.634	38.415	27493.000	37.400	
125.426	217.953	1.710	-3.082	2.192	14.207	-27.866	-6.890	27573.000	37.400	
121.395	214.394	1.134	-2.714	1.656	11.098	16.585	38.720	27653.000	37.400	
124.464	209.864	1.134	-2.877	1.975	90.854	18.902	29.024	27730.000	37.400	
121.423	214.519	1.252	-2.979	1.820	86.220	67.683	17.073	27808.000	37.353	
120.664	215.931	1.301	-3.027	1.795	-0.610	120.366	14.878	27886.000	37.447	
117.718	218.828	1.430	-3.381	1.776	3.537	145.305	47.195	27965.000	37.447	
119.283	221.031	1.631	-3.342	1.874	-97.866	189.146	85.793	28043.000	37.400	
124.714	210.215	1.478	-3.662	2.537	-47.744	35.000	-59.512	28124.000	37.353	
126.469	218.258	1.388	-2.381	1.760	-117.561	-5.061	-43.537	28204.000	37.353	
132.458	224.287	1.938	-2.171	1.986	30.915	4.817	15.366	28284.000	37.353	
119.737	229.408	1.979	-2.968	1.695	-78.963	-140.854	-81.646	28752.000	37.400	
118.449	225.660	1.716	-3.095	1.677	-135.366	-140.854	-102.866	28834.000	37.447	
121.850	224.032	1.933	-3.218	1.999	-278.780	-142.866	-136.524	28919.000	37.306	
120.382	229.805	2.223	-3.203	1.878	-93.293	-66.524	-20.732	29003.000	37.400	
126.621	215.497	1.377	-2.598	1.931	-206.646	-89.268	8.780	29084.000	37.400	
131.729	202.526	0.912	-2.466	2.199	-46.037	-230.183	-142.439	29164.000	37.400	
125.215	225.154	2.184	-3.077	2.172	62.073	-211.280	-139.512	29248.000	37.447	
118.943	218.723	1.209	-2.727	1.508	-87.500	-118.171	-132.805	29330.000	37.400	
124.074	213.988	1.281	-2.810	1.900	52.561	-111.037	-65.122	29413.000	37.400	
121.776	219.418	1.442	-2.833	1.755	52.744	1.037	-28.110	29494.000	37.400	
120.525	219.948	1.611	-3.263	1.924	-81.341	64.451	-27.378	29572.000	37.400	
119.337	223.638	1.764	-3.291	1.850	-102.012	114.085	63.780	29652.000	37.400	
124.106	215.844	1.814	-3.709	2.512	-74.634	50.244	-24.329	29733.000	37.353	
130.689	216.625	1.474	-2.306	1.982	-135.610	44.512	55.732	29813.000	37.353	
134.475	224.600	1.874	-1.936	1.900	44.695	-27.439	27.988	29893.000	37.353	
127.516	218.688	1.908	-3.104	2.383	10.488	-82.439	-91.402	29973.000	37.353	
120.902	225.672	1.558	-2.542	1.521	-51.220	-115.671	27.256	30053.000	37.353	
125.164	224.325	1.842	-2.677	1.886	-70.488	-128.171	-117.195	30134.000	37.494	
120.747	222.241	1.563	-2.893	1.721	-93.049	-245.000	-165.854	30217.000	37.447	
118.172	229.179	1.864	-3.007	1.610	-123.415	-217.500	-118.476	30300.000	37.306	
117.026	225.000	1.604	-3.144	1.604	-152.805	-225.244	-125.915	30385.000	37.259	
114.984	230.825	1.788	-3.127	1.457	-204.451	-283.293	-92.622	30469.000	37.353	
121.395	226.377	2.226	-3.476	2.121	-94.695	-198.293	-66.037	30552.000	37.400	
122.386	214.473	1.335	-3.065	1.944	-125.793	-131.280	-9.939	30633.000	37.353	
133.860	205.229	1.054	-2.327	2.236	-117.439	-267.012	-164.512	30716.000	37.400	
131.503	208.910	1.367	-2.798	2.476	10.793	-276.341	-158.415	30800.000	37.400	
119.402	223.754	1.866	-3.459	1.949	-72.317	229.939	13.354	31275.000	37.400	
124.582	213.851	1.663	-3.597	2.479	-119.207	83.537	-161.829	31354.000	37.306	
130.267	217.156	1.345	-2.095	1.774	-234.634	-28.415	-41.463	31437.000	37.353	
134.809	225.570	2.082	-2.055	2.041	4.634	-47.744	6.463	31519.000	37.353	
127.241	221.181	1.966	-2.956	2.247	13.171	-72.561	-79.146	31596.000	37.447	
119.470	228.455	1.698	-2.663	1.505	-22.805	-105.061	44.207	31676.000	37.353	
123.514	229.163	2.022	-2.640	1.748	30.915	-37.073	-33.232	31757.000	37.447	
118.473	227.003	1.690	-2.906	1.576	-30.549	-98.902	-62.195	31838.000	37.353	
117.861	230.654	1.783	-2.766	1.462	-139.512	-126.585	-2.561	31919.000	37.400	
117.670	228.389	1.965	-3.328	1.745	-130.854	-195.427	-26.220	32001.000	37.353	
120.497	224.424	1.923	-3.331	1.962	-261.646	-233.232	-32.439	32083.000	37.400	
120.736	223.279	1.766	-3.153	1.875	-1.829	-95.549	73.841	32167.000	37.494	
129.497	209.340	1.202	-2.595	2.139	-13.232	-131.098	0.976	32246.000	37.400	
133.586	201.975	0.919	-2.393	2.277	69.024	-170.061	-114.451	32326.000	37.400	
123.930	218.984	1.782	-3.273	2.202	41.951	-31.585	-140.793	32408.000	37.353	
122.106	210.938	0.939	-2.498	1.567	-63.902	-26.646	-163.659	32489.000	37.447	
125.358	212.544	1.326	-2.929	2.078	41.768	-57.378	-39.817	32572.000	37.306	
122.080	219.094	1.447	-2.842	1.781	51.280	72.134	15.305	32652.000	37.400	
122.446	215.629	1.329	-2.917	1.854	2.378	113.049	0.061	32730.000	37.306	
120.341	220.067	1.623	-3.297	1.930	20.732	170.244	20.854	32806.000	37.447	
122.871	222.683	2.050	-3.439	2.223	-106.402	260.366	30.122	32885.000	37.353	
122.177	218.667	1.635	-3.247	2.043	-47.561	-3.171	-44.268	32967.000	37.400	
134.556	224.402	1.714	-1.777	1.750	-85.000	-19.512	2.256	33047.000	37.400	
133.003	225.061	2.289	-2.449	2.284	0.976	-53.110	-57.012	33126.000	37.400	
124.866	222.611	1.783	-2.782	1.938	17.439	-85.610	10.549	33205.000	37.400	
123.483	228.306	1.904	-2.564	1.696	-12.134	-110.732	17.561	33284.000	37.306	
124.352	226.117	1.940	-2.730	1.866	-85.305	-112.622	-36.037	33366.000	37.400	
126.763	212.959	1.259	-2.599	1.941	-128.780	-71.707	-13.232	33838.000	37.400	
130.813	199.316	0.704	-2.326	2.009	39.878	-146.585	-112.622	33921.000	37.353	
127.398	214.434	1.687	-3.218	2.460	115.854	-145.366	-24.329	34002.000	37.400	
119.202	218.432	1.238	-2.792	1.561	-15.183	-4.451	-46.707	34084.000	37.447	
124.294	207.586	1.044	-2.930	1.998	63.049	11.585	27.073	34164.000	37.447	
120.357	218.200	1.353	-2.935	1.719	79.695	108.841	51.890	34243.000	37.447	
118.171	219.012	1.329	-3.063	1.641	39.268	141.707	12.866	34322.000	37.400	
120.905	216.767	1.438	-3.214	1.924	51.280	149.207	-3.354	34401.000	37.494	
116.187	223.698	1.533	-3.263	1.604	-9.451	181.646	60.366	34480.000	37.400	
124.690	214.767	1.767	-3.677	2.545	-106.098	156.402	35.122	34558.000	37.400	
124.946	221.238	1.589	-2.594	1.813	-73.171	-1.585	24.756	34639.000	37.447	
133.400	221.949	1.726	-2.030	1.920	80.000	74.878	100.061	34719.000	37.353	
128.451	219.985	2.005	-3.011	2.391	80.976	15.793	-50.732	34798.000	37.353	
123.323	218.059	1.398	-2.717	1.786	28.354	-33.902	54.268	34877.000	37.447	
124.116	226.612	1.838	-2.564	1.737	16.220	-59.146	-9.390	34956.000	37.400	
120.113	223.916	1.596	-2.857	1.657	-6.159	-113.841	-69.451	35035.000	37.494	
120.169	224.369	1.578	-2.775	1.613	-72.683	-143.598	-57.805	35117.000	37.447	
122.590	220.724	1.746	-3.173	2.028	-92.073	-125.976	-72.378	35198.000	37.353	
118.523	222.598	1.706	-3.414	1.855	-192.927	-131.037	-76.402	35280.000	37.353	
119.716	227.903	2.114	-3.347	1.910	-105.000	-60.915	-20.976	35363.000	37.494	
124.545	214.977	1.383	-2.871	1.977	-170.366	-28.232	-71.890	35446.000	37.353	
133.137	201.412	0.877	-2.387	2.236	-92.195	-213.049	-178.476	35528.000	37.400	
126.544	220.990	1.956	-3.037	2.251	24.634	-185.183	-111.951	35611.000	37.447	
120.157	219.284	1.295	-2.725	1.583	-12.683	-112.378	-108.963	35693.000	37.400	
124.702	215.169	1.384	-2.836	1.964	30.793	-103.963	-87.805	35777.000	37.447	
121.256	218.793	1.437	-2.944	1.787	66.646	20.122	10.427	35858.000	37.353	
130.427	221.728	2.094	-2.756	2.348	100.610	29.939	-6.951	36331.000	37.400	
125.018	219.506	1.564	-2.708	1.897	44.268	-13.476	43.720	36411.000	37.400	
124.432	230.491	1.993	-2.397	1.644	24.878	7.012	25.549	36490.000	37.447	
123.925	223.094	1.759	-2.795	1.880	21.402	-26.280	-30.793	36567.000	37.447	
120.230	227.535	1.785	-2.804	1.634	-52.927	-66.159	-16.585	36646.000	37.447	
120.969	227.836	1.903	-2.872	1.724	-110.122	-35.488	11.890	36727.000	37.447	
113.478	235.413	2.066	-3.280	1.425	-124.024	-26.280	29.268	36809.000	37.400	
121.957	224.091	2.240	-3.707	2.313	-196.280	-48.537	46.402	36890.000	37.353	
125.581	218.856	1.478	-2.563	1.834	-108.476	16.280	82.622	36971.000	37.447	
131.161	206.348	1.025	-2.368	2.070	-7.744	-148.171	-76.951	37051.000	37.447	
126.762	216.357	1.694	-3.081	2.302	111.341	-124.573	-63.354	37133.000	37.400	
122.223	219.988	1.387	-2.623	1.653	27.988	-49.878	-76.463	37215.000	37.259	
124.254	211.848	1.231	-2.911	1.982	68.841	-13.659	-13.476	37295.000	37.447	
120.866	218.902	1.384	-2.869	1.715	84.146	55.610	31.098	37374.000	37.353	
124.787	214.605	1.358	-2.834	1.969	43.659	110.427	15.427	37452.000	37.447	
120.979	218.020	1.505	-3.206	1.925	0.366	131.646	7.378	37532.000	37.353	
122.449	221.493	1.840	-3.271	2.080	-133.720	201.829	73.171	37609.000	37.494	
124.765	216.083	1.734	-3.429	2.380	16.707	94.146	-18.415	37690.000	37.447	
128.084	225.541	1.773	-2.221	1.740	42.195	88.659	-30.732	37769.000	37.447	
131.989	224.286	1.973	-2.247	2.022	-15.610	-24.634	-38.780	37848.000	37.447	
126.325	223.601	1.911	-2.729	2.007	-32.500	-149.817	-133.537	37928.000	37.353	
124.797	233.784	2.251	-2.372	1.648	-21.037	-115.976	-36.341	38012.000	37.400	
123.584	226.543	1.955	-2.790	1.853	-6.159	-145.854	-56.646	38094.000	37.447	
122.086	226.738	1.857	-2.788	1.748	-37.988	-200.915	-35.305	38175.000	37.400	
120.784	228.453	1.845	-2.744	1.635	-68.415	-157.500	-11.890	38257.000	37.447	
120.705	227.284	1.884	-2.929	1.739	-82.500	-155.061	11.707	38340.000	37.447	
117.552	230.751	1.895	-2.967	1.548	-90.854	-79.512	53.293	38421.000	37.494	
122.137	212.267	1.030	-2.598	1.632	28.232	61.341	76.829	38892.000	37.447	
126.351	208.444	1.148	-2.881	2.120	123.476	38.598	109.756	38970.000	37.400	
122.215	212.438	1.177	-2.938	1.852	142.256	125.366	91.098	39050.000	37.400	
122.195	214.500	1.281	-2.961	1.864	81.402	184.329	51.646	39130.000	37.447	
120.890	216.698	1.440	-3.230	1.933	112.683	223.659	84.390	39208.000	37.447	
118.350	221.040	1.582	-3.368	1.817	-7.805	234.634	82.622	39289.000	37.447	
125.172	212.449	1.550	-3.459	2.438	-109.634	124.451	-43.049	39368.000	37.353	
129.237	219.116	1.751	-2.637	2.153	-139.207	51.829	-17.683	39450.000	37.494	
137.620	217.652	1.679	-1.985	2.176	-28.354	118.293	91.585	39531.000	37.494	
128.518	220.924	1.998	-2.896	2.305	135.610	82.866	8.659	39612.000	37.494	
122.366	222.433	1.561	-2.693	1.707	39.146	84.695	108.415	39690.000	37.400	
122.637	225.639	1.683	-2.569	1.646	32.500	33.598	17.256	39769.000	37.494	
119.517	228.549	1.798	-2.805	1.588	23.841	-74.451	-49.817	39846.000	37.400	
120.308	227.365	1.724	-2.715	1.587	-59.085	-62.012	-20.183	39926.000	37.494	
119.001	227.892	2.051	-3.344	1.854	-68.171	-73.415	10.793	40007.000	37.400	
120.285	220.809	1.624	-3.221	1.881	-243.902	-108.171	-10.427	40088.000	37.447	
123.871	224.396	2.339	-3.559	2.389	-45.793	-45.488	102.988	40171.000	37.306	
127.641	214.212	1.187	-2.263	1.745	-78.049	-20.366	17.988	40252.000	37.494	
134.186	200.490	0.874	-2.406	2.339	46.768	-79.024	-85.244	40332.000	37.447	
124.860	217.503	1.798	-3.363	2.343	65.854	-75.000	-84.329	40413.000	37.447	
120.628	214.832	1.095	-2.657	1.573	15.488	-88.171	-98.232	40493.000	37.447	
125.566	211.871	1.257	-2.827	2.021	72.256	-72.927	-34.878	40572.000	37.447	
120.906	219.085	1.466	-3.015	1.805	79.634	71.585	45.000	40652.000	37.541	
119.700	217.580	1.288	-2.935	1.674	29.878	132.378	36.524	40730.000	37.447	
120.706	218.053	1.545	-3.323	1.974	13.598	151.159	34.634	40810.000	37.447	
121.941	220.764	1.801	-3.351	2.089	-47.866	168.049	108.841	40889.000	37.447	
123.609	227.381	1.725	-2.388	1.587	-12.317	48.415	12.622	41361.000	37.494	
123.704	222.400	1.734	-2.848	1.899	-35.366	-89.817	-56.463	41440.000	37.400	
120.315	225.131	1.717	-2.923	1.709	-70.671	-147.134	-34.756	41521.000	37.494	
118.136	227.058	1.760	-3.063	1.638	-78.720	-102.805	-1.585	41603.000	37.541	
117.513	225.424	1.597	-3.021	1.573	-91.159	-95.366	-42.927	41683.000	37.494	
115.817	228.049	1.719	-3.193	1.545	-125.305	-79.695	-48.659	41765.000	37.494	
119.797	225.109	2.063	-3.590	2.056	-11.524	-25.976	-11.646	41847.000	37.447	
121.507	218.660	1.469	-2.995	1.836	-22.012	3.902	52.317	41928.000	37.494	
132.203	211.764	1.307	-2.327	2.110	-127.866	-86.280	3.293	42006.000	37.541	
130.029	211.143	1.409	-2.776	2.332	40.427	-103.232	-46.707	42086.000	37.400	
122.819	222.762	1.849	-3.100	1.999	-80.915	-81.585	-108.659	42168.000	37.494	
121.398	220.479	1.325	-2.544	1.553	33.415	-5.915	-31.829	42250.000	37.447	
122.906	216.530	1.370	-2.858	1.850	212.500	73.841	39.939	42329.000	37.447	
121.218	222.994	1.642	-2.905	1.761	227.988	247.744	102.134	42407.000	37.447	
122.533	221.811	1.729	-3.031	1.934	146.341	387.134	191.037	42489.000	37.447	
120.843	215.538	1.460	-3.423	2.044	117.927	370.732	290.549	42570.000	37.494	
127.896	218.819	2.059	-3.287	2.559	161.159	358.720	256.159	42651.000	37.447	
124.378	227.098	1.769	-2.402	1.644	120.976	334.939	272.012	42732.000	37.541	
127.708	224.896	1.880	-2.440	1.887	121.585	284.024	269.878	42813.000	37.494	
127.817	229.911	2.265	-2.456	1.906	160.793	292.256	250.000	42895.000	37.400	
125.911	227.259	2.059	-2.627	1.902	236.402	429.085	400.549	42976.000	37.447	
122.447	232.292	2.070	-2.518	1.601	310.610	552.439	425.671	43057.000	37.541	
125.615	228.908	2.191	-2.668	1.911	392.561	655.366	488.415	43138.000	37.400	
125.239	227.964	2.033	-2.595	1.833	409.634	706.037	558.293	43219.000	37.494	
126.024	224.916	1.993	-2.749	1.999	455.366	689.756	578.476	43300.000	37.541	
124.951	224.195	1.885	-2.773	1.938	363.232	635.305	528.598	43381.000	37.494	
123.177	229.105	2.027	-2.686	1.756	297.927	568.476	471.098	43462.000	37.494	
126.145	210.684	1.188	-2.742	2.003	110.854	454.146	304.634	43934.000	37.494	
124.123	211.934	1.402	-3.320	2.250	207.195	382.622	281.585	44016.000	37.447	
120.291	217.075	1.250	-2.832	1.654	246.585	360.305	325.000	44097.000	37.541	
121.267	213.879	1.279	-3.138	1.905	253.354	342.378	290.610	44178.000	37.588	
119.553	218.100	1.387	-3.119	1.769	264.451	328.415	239.939	44259.000	37.447	
118.934	218.970	1.381	-3.088	1.707	242.073	312.378	197.134	44341.000	37.447	
120.066	217.242	1.291	-2.934	1.698	220.427	351.829	200.915	44422.000	37.494	
116.623	216.451	1.286	-3.474	1.741	91.890	366.646	189.756	44503.000	37.588	
123.591	219.278	1.701	-3.132	2.080	-47.195	362.500	277.439	44582.000	37.494	
121.710	217.834	1.674	-3.488	2.155	122.378	69.024	99.268	44663.000	37.447	
127.444	222.060	1.731	-2.506	1.919	87.561	197.683	59.207	44743.000	37.447	
129.588	228.596	1.974	-2.104	1.740	168.110	166.220	127.866	44822.000	37.541	
130.542	222.285	2.001	-2.572	2.200	134.939	175.000	-42.683	44903.000	37.447	
122.827	230.456	2.195	-2.810	1.813	132.561	133.902	57.012	44984.000	37.494	
122.818	231.035	1.956	-2.453	1.582	91.707	104.756	49.512	45064.000	37.494	
122.674	228.897	2.052	-2.791	1.790	69.146	-11.098	46.280	45144.000	37.494	
118.717	231.264	1.881	-2.754	1.509	17.256	-79.695	63.537	45222.000	37.588	
122.056	228.523	1.979	-2.793	1.749	-68.049	-113.720	43.780	45301.000	37.588	
116.784	233.268	2.140	-3.163	1.597	-112.805	-110.000	19.878	45382.000	37.541	
123.540	226.280	2.390	-3.447	2.285	-168.110	-85.488	77.256	45464.000	37.447	
123.313	217.255	1.582	-3.165	2.080	-85.183	-6.829	137.378	45546.000	37.494	
133.399	209.087	1.134	-2.155	2.038	-27.378	-45.854	-27.256	45626.000	37.588	
134.245	202.442	0.997	-2.479	2.414	98.415	-117.561	39.573	45707.000	37.541	
123.994	217.653	1.649	-3.170	2.138	-26.463	7.561	-5.915	45787.000	37.447	
122.747	210.707	0.936	-2.449	1.575	-34.207	14.695	45.854	45864.000	37.635	
122.953	213.022	1.266	-3.004	1.947	128.354	90.549	57.012	45944.000	37.494	
136.032	221.044	1.466	-1.624	1.684	77.500	176.402	108.902	46415.000	37.541	
130.004	220.404	2.117	-2.964	2.487	152.256	69.085	-87.317	46495.000	37.541	
120.120	223.036	1.567	-2.894	1.679	45.488	-15.549	32.866	46575.000	37.541	
123.056	233.745	2.040	-2.299	1.496	58.354	28.476	9.024	46655.000	37.447	
120.157	227.067	1.780	-2.851	1.656	19.634	-51.768	-61.768	46732.000	37.541	
119.085	226.724	1.554	-2.630	1.463	-66.707	-126.037	-30.305	46812.000	37.541	
120.379	227.838	2.171	-3.354	1.966	-36.341	-132.805	-3.659	46894.000	37.588	
118.414	224.667	1.840	-3.440	1.861	-153.963	-157.500	60.366	46974.000	37.494	
123.651	226.440	2.290	-3.271	2.178	-50.244	-0.610	136.524	47057.000	37.541	
134.340	199.284	0.688	-2.014	1.968	-91.220	-151.280	18.841	47137.000	37.494	
134.138	207.002	1.352	-2.733	2.652	46.220	-190.732	-138.780	47218.000	37.400	
120.502	224.286	1.779	-3.097	1.824	21.768	-111.768	-87.866	47300.000	37.447	
121.908	213.464	1.059	-2.572	1.602	-26.220	-82.683	-118.110	47381.000	37.494	
119.437	216.748	1.209	-2.869	1.619	94.512	-37.561	-19.207	47464.000	37.494	
122.378	213.029	1.190	-2.888	1.831	-20.061	67.439	-32.622	47544.000	37.635	
121.858	217.078	1.683	-3.583	2.227	-6.707	52.317	-33.049	47624.000	37.635	
125.005	217.105	1.808	-3.412	2.390	-136.951	125.366	18.476	47703.000	37.635	
126.956	217.894	1.711	-2.922	2.198	-66.463	23.780	46.829	47784.000	37.541	
139.227	223.431	1.699	-1.548	1.795	109.146	135.305	141.280	47863.000	37.447	
129.459	220.141	2.081	-2.998	2.468	152.012	137.012	23.171	47944.000	37.494	
121.686	223.715	1.575	-2.669	1.647	130.671	106.037	146.098	48024.000	37.494	
124.130	228.582	1.840	-2.395	1.623	121.037	104.268	79.085	48105.000	37.541	
119.468	227.689	1.720	-2.771	1.565	48.598	3.293	-17.195	48186.000	37.541	
120.788	227.206	1.843	-2.863	1.706	-128.902	-68.537	-24.756	48264.000	37.494	
120.418	223.724	2.121	-3.777	2.218	-129.146	-67.073	104.146	48346.000	37.447	
121.732	226.085	2.390	-3.721	2.301	-117.500	-28.232	149.634	48428.000	37.494	
134.223	207.098	0.963	-1.934	1.882	-149.939	-56.951	15.915	48509.000	37.541	
120.819	218.506	1.517	-3.195	1.906	30.122	200.732	55.549	48982.000	37.494	
114.138	222.095	1.471	-3.633	1.628	-9.756	183.354	69.512	49060.000	37.494	
125.825	213.740	1.717	-3.561	2.570	-148.963	124.451	39.329	49140.000	37.494	
125.625	227.115	2.098	-2.719	1.948	-39.878	-0.488	-20.732	49221.000	37.588	
135.866	225.408	1.862	-1.781	1.836	99.756	130.976	51.524	49301.000	37.494	
131.286	217.519	1.912	-2.836	2.490	45.183	56.585	-65.793	49380.000	37.494	
122.571	218.746	1.468	-2.863	1.829	40.610	-65.366	64.207	49459.000	37.494	
125.518	226.134	1.812	-2.439	1.741	-44.817	-52.134	-30.854	49539.000	37.494	
120.660	226.549	1.817	-2.904	1.722	18.232	-155.671	-85.915	49619.000	37.541	
116.334	229.349	1.679	-2.912	1.441	-43.354	-140.976	-69.695	49700.000	37.635	
118.409	226.866	1.702	-2.948	1.595	-134.024	-156.890	-96.768	49782.000	37.494	
114.396	229.263	1.865	-3.542	1.606	-88.963	-187.988	-64.085	49866.000	37.541	
122.591	222.169	2.018	-3.484	2.228	-205.732	-114.390	-16.463	49948.000	37.494	
121.145	221.897	1.695	-3.127	1.890	-156.585	-23.171	38.293	50031.000	37.635	
130.883	210.758	1.191	-2.313	2.002	-110.610	-98.598	-12.439	50112.000	37.400	
129.974	209.059	1.258	-2.700	2.264	100.610	-186.220	-99.207	50194.000	37.541	
121.406	222.896	1.767	-3.114	1.901	42.012	-143.110	-112.073	50277.000	37.494	
120.473	214.717	1.024	-2.513	1.479	47.866	-87.500	-117.195	50359.000	37.588	
120.558	215.149	1.262	-3.035	1.792	114.878	-28.902	-84.573	50440.000	37.635	
119.614	217.885	1.260	-2.849	1.619	30.915	49.207	-47.866	50521.000	37.635	
122.246	218.588	1.743	-3.463	2.185	9.085	135.549	-36.463	50600.000	37.541	
126.756	220.816	2.128	-3.299	2.464	-88.476	229.573	70.488	50679.000	37.541	
125.760	218.005	1.948	-3.462	2.493	-49.634	12.988	51.890	50759.000	37.447	
134.436	224.947	1.567	-1.602	1.570	26.463	112.378	109.695	50838.000	37.635	
133.757	222.746	2.014	-2.275	2.179	109.634	75.000	-0.854	50918.000	37.447	
124.650	221.131	1.838	-3.045	2.104	65.427	15.854	71.585	50997.000	37.541	
121.705	231.241	2.744	-3.566	2.203	-107.439	-47.927	102.012	51469.000	37.541	
130.632	210.746	1.148	-2.250	1.931	-153.354	-41.707	99.146	51551.000	37.682	
135.181	200.909	0.827	-2.151	2.165	-16.524	-130.000	-39.756	51632.000	37.541	
128.365	217.724	1.908	-3.116	2.467	87.378	-70.000	56.037	51715.000	37.494	
121.754	217.678	1.219	-2.550	1.578	2.439	47.866	-2.012	51793.000	37.588	
126.991	208.301	1.142	-2.814	2.120	111.768	93.659	117.439	51870.000	37.635	
119.668	218.075	1.289	-2.889	1.646	160.976	229.817	153.476	51950.000	37.635	
121.793	214.935	1.328	-3.067	1.901	60.549	246.402	72.012	52031.000	37.588	
116.720	220.609	1.614	-3.740	1.883	47.378	241.829	60.793	52111.000	37.588	
122.726	217.255	1.740	-3.561	2.288	-117.561	276.951	118.963	52190.000	37.494	
127.852	219.225	1.701	-2.682	2.084	-115.549	99.024	12.988	52272.000	37.494	
135.269	227.282	1.810	-1.655	1.671	170.061	102.805	72.744	52352.000	37.541	
128.869	216.998	1.898	-3.126	2.520	131.098	16.951	-39.634	52431.000	37.541	
122.556	221.848	1.458	-2.550	1.628	82.073	-43.963	73.110	52512.000	37.541	
124.261	227.518	1.854	-2.493	1.698	84.390	-49.451	-53.720	52591.000	37.635	
121.071	226.691	1.805	-2.823	1.701	35.488	-110.976	-101.646	52671.000	37.635	
120.230	229.040	1.851	-2.757	1.606	-82.927	-70.000	-40.793	52753.000	37.494	
121.170	224.957	1.948	-3.226	1.951	-82.439	-87.500	-5.854	52834.000	37.635	
122.229	221.058	1.920	-3.496	2.204	-202.012	-151.402	20.244	52915.000	37.635	
124.159	225.325	2.162	-3.150	2.138	-72.561	101.098	231.037	52997.000	37.635	
139.315	200.671	0.743	-1.693	1.970	-79.878	-39.146	89.207	53078.000	37.588	
131.423	211.936	1.639	-2.979	2.629	143.354	1.524	22.500	53157.000	37.541	
123.316	222.655	1.784	-2.946	1.937	116.037	115.854	69.390	53236.000	37.494	
122.503	217.722	1.174	-2.382	1.518	157.622	179.878	98.171	53316.000	37.588	
123.009	216.035	1.355	-2.868	1.863	331.951	227.256	196.159	53396.000	37.541	
124.000	215.704	1.367	-2.820	1.902	214.024	294.573	143.720	53477.000	37.635	
122.919	217.358	1.670	-3.379	2.188	146.524	295.183	169.634	53558.000	37.588	
127.176	222.751	1.553	-2.215	1.680	90.000	145.671	215.061	54031.000	37.588	
124.036	228.879	1.953	-2.524	1.705	83.171	106.524	55.122	54111.000	37.494	
122.333	224.968	1.729	-2.735	1.731	52.500	21.280	24.329	54190.000	37.588	
120.001	233.332	2.041	-2.632	1.520	6.341	11.951	25.854	54267.000	37.494	
120.629	225.524	1.992	-3.304	1.956	-18.537	-24.756	39.634	54344.000	37.541	
121.348	223.660	1.997	-3.436	2.093	-247.622	-89.085	25.671	54425.000	37.541	
126.404	225.137	2.449	-3.306	2.438	-121.707	186.890	237.805	54506.000	37.588	
135.082	203.520	0.748	-1.714	1.719	-129.939	51.402	110.427	54588.000	37.541	
133.581	209.193	1.375	-2.586	2.461	153.780	-91.585	-11.341	54669.000	37.541	
123.736	223.492	1.950	-3.078	2.056	164.573	-21.463	-18.720	54750.000	37.588	
125.058	216.215	1.231	-2.396	1.682	107.866	39.512	10.915	54832.000	37.447	
124.583	214.860	1.388	-2.890	1.992	258.963	61.585	85.610	54910.000	37.588	
124.996	220.333	1.521	-2.560	1.792	213.354	249.634	147.866	54989.000	37.588	
123.058	218.682	1.737	-3.334	2.170	142.256	288.780	161.341	55070.000	37.541	
117.872	222.031	1.768	-3.708	1.961	-6.585	303.537	246.829	55151.000	37.494	
127.693	213.607	1.763	-3.433	2.652	-86.098	220.305	54.268	55232.000	37.776	
136.285	227.503	2.017	-1.767	1.848	-32.683	182.500	83.720	55312.000	37.588	
137.477	220.656	1.871	-1.998	2.179	238.902	203.902	167.866	55392.000	37.494	
128.664	218.503	1.903	-2.990	2.393	157.073	117.317	79.390	55473.000	37.541	
126.478	226.274	1.616	-2.091	1.546	61.341	75.122	147.866	55554.000	37.541	
124.736	226.573	1.974	-2.694	1.868	47.073	28.598	-31.768	55632.000	37.635	
121.126	228.938	1.857	-2.680	1.618	-23.232	-78.110	-3.171	55711.000	37.635	
122.440	227.197	1.942	-2.830	1.799	-75.061	-37.439	36.768	55791.000	37.635	
117.669	225.238	1.889	-3.572	1.873	-83.902	-119.634	31.280	55871.000	37.635	
125.430	227.251	2.686	-3.489	2.482	-110.183	-65.976	89.085	55953.000	37.635	
131.208	212.118	1.291	-2.349	2.057	-147.134	137.988	205.793	56034.000	37.588	
124.004	214.412	1.287	-2.785	1.879	-24.146	134.024	24.390	56508.000	37.541	
120.881	218.070	1.673	-3.571	2.136	-19.512	153.963	42.256	56588.000	37.588	
127.758	212.214	1.648	-3.378	2.616	-114.573	167.378	47.805	56668.000	37.588	
129.060	223.312	2.220	-2.901	2.354	-43.293	127.744	94.390	56749.000	37.541	
136.036	226.325	1.814	-1.671	1.732	145.732	245.854	181.341	56829.000	37.635	
133.447	221.148	1.914	-2.313	2.190	243.171	229.695	31.646	56910.000	37.588	
123.124	227.831	2.083	-2.892	1.887	145.366	152.378	123.049	56990.000	37.588	
125.548	229.649	1.721	-2.046	1.462	81.707	97.073	53.537	57071.000	37.588	
125.222	226.043	1.994	-2.724	1.923	97.500	-29.512	-40.183	57149.000	37.588	
118.374	233.672	2.048	-2.788	1.506	-0.244	-55.061	8.659	57230.000	37.682	
121.486	228.818	2.061	-2.943	1.803	-54.634	-83.902	10.610	57308.000	37.588	
116.063	229.725	2.015	-3.490	1.707	-151.585	-112.317	39.817	57388.000	37.588	
124.590	229.276	2.878	-3.593	2.478	-6.280	112.866	214.573	57469.000	37.635	
136.949	206.363	1.044	-1.968	2.106	-157.256	37.439	125.854	57549.000	37.635	
138.597	207.609	1.200	-2.023	2.295	41.585	-126.524	-78.476	57631.000	37.588	
128.973	221.218	2.152	-3.037	2.457	78.902	-32.195	0.183	57712.000	37.682	
124.186	219.393	1.301	-2.332	1.584	-4.390	53.963	-46.159	57790.000	37.682	
123.661	220.032	1.467	-2.622	1.746	129.390	19.085	9.512	57869.000	37.588	
125.371	219.477	1.510	-2.582	1.833	148.171	154.512	25.183	57947.000	37.635	
123.880	219.950	1.909	-3.395	2.279	-34.024	142.927	17.988	58028.000	37.588	
121.157	225.502	2.191	-3.562	2.153	-141.524	180.122	94.329	58107.000	37.588	
128.468	217.157	1.980	-3.289	2.613	-58.293	57.439	-3.902	58188.000	37.588	
133.751	221.027	1.524	-1.830	1.752	-93.293	82.439	63.841	58267.000	37.682	
139.565	223.302	1.886	-1.705	2.001	140.488	25.732	124.146	58346.000	37.682	
127.733	221.741	2.167	-3.139	2.429	141.463	20.854	-42.195	58427.000	37.588	
124.755	222.986	1.541	-2.383	1.653	39.695	24.268	185.183	58507.000	37.541	
123.055	227.688	1.829	-2.559	1.665	98.841	-19.390	1.951	58586.000	37.541	
137.017	201.712	0.731	-1.712	1.837	-102.805	-12.378	73.354	59055.000	37.635	
133.472	202.657	1.108	-2.801	2.655	115.732	-135.915	-56.159	59136.000	37.588	
125.430	218.039	1.675	-3.009	2.141	49.390	-83.110	-93.171	59217.000	37.635	
124.747	210.537	0.948	-2.317	1.607	-23.415	-36.220	-100.122	59297.000	37.635	
122.718	215.255	1.300	-2.862	1.839	150.915	-14.146	-13.659	59380.000	37.588	
123.869	214.194	1.316	-2.887	1.938	71.463	135.488	27.927	59461.000	37.635	
122.875	216.633	1.605	-3.341	2.159	15.305	183.780	83.293	59540.000	37.541	
121.001	221.518	1.861	-3.499	2.103	-100.427	244.634	167.134	59619.000	37.635	
127.592	211.121	1.580	-3.399	2.617	-153.354	-19.207	-36.159	59701.000	37.541	
138.616	221.367	1.577	-1.578	1.791	-132.927	29.817	32.805	59784.000	37.682	
134.679	215.199	1.772	-2.541	2.513	159.024	79.085	58.110	59864.000	37.541	
125.350	218.092	1.700	-3.058	2.169	61.280	-1.463	0.976	59942.000	37.682	
124.093	223.061	1.491	-2.357	1.596	-7.622	-31.646	49.268	60019.000	37.588	
122.570	225.356	1.661	-2.568	1.641	12.744	-68.476	-107.683	60098.000	37.588	
121.728	222.768	1.589	-2.778	1.718	14.085	-162.927	-105.549	60180.000	37.494	
122.184	221.911	1.892	-3.349	2.107	-29.817	-147.195	-125.000	60262.000	37.635	
116.741	225.878	1.778	-3.423	1.725	-223.476	-182.927	-85.488	60345.000	37.588	
124.976	225.274	2.466	-3.491	2.442	-166.220	-70.305	12.134	60428.000	37.635	
125.012	217.945	1.466	-2.684	1.880	-179.939	32.134	105.915	60510.000	37.588	
140.399	202.507	0.874	-1.745	2.109	-88.780	-171.220	-33.841	60591.000	37.635	
129.440	210.871	1.600	-3.253	2.676	138.049	-174.634	-21.829	60673.000	37.635	
122.086	220.999	1.461	-2.681	1.681	-76.951	-68.232	-123.476	60754.000	37.682	
122.726	212.826	1.140	-2.749	1.767	68.780	-23.720	-45.915	60837.000	37.541	
120.630	216.718	1.278	-2.895	1.714	122.439	83.963	66.037	60917.000	37.541	
122.527	215.276	1.294	-2.868	1.829	9.573	169.329	18.476	60996.000	37.729	
121.713	220.346	1.802	-3.433	2.121	23.659	222.073	6.220	61074.000	37.635	
122.789	229.886	1.903	-2.489	1.604	142.378	47.012	90.976	61546.000	37.682	
119.021	229.531	1.849	-2.843	1.577	76.585	-46.768	31.524	61626.000	37.588	
119.330	231.936	1.801	-2.510	1.410	-93.293	-52.500	75.793	61705.000	37.682	
119.080	228.677	2.135	-3.375	1.877	-57.744	-103.720	94.878	61785.000	37.682	
128.257	218.914	2.005	-3.149	2.483	-100.183	-28.293	154.573	61865.000	37.729	
128.391	219.436	2.108	-3.235	2.563	-22.012	111.524	116.951	61948.000	37.682	
131.009	193.977	0.442	-2.044	1.777	24.817	-26.646	23.415	62029.000	37.588	
132.310	203.965	1.118	-2.764	2.516	119.939	-101.280	52.744	62108.000	37.682	
124.608	214.320	1.416	-3.006	2.074	-42.439	56.707	16.098	62189.000	37.635	
124.162	205.729	0.845	-2.583	1.753	74.939	6.524	76.646	62268.000	37.635	
123.527	214.581	1.305	-2.856	1.893	134.085	167.134	140.671	62345.000	37.776	
121.562	215.865	1.292	-2.909	1.787	107.744	260.915	153.537	62427.000	37.635	
123.656	214.210	1.392	-3.074	2.047	150.427	328.963	125.000	62508.000	37.635	
114.137	221.416	1.454	-3.679	1.648	-13.902	337.012	126.402	62588.000	37.635	
126.550	215.664	1.926	-3.620	2.684	-259.390	402.744	69.024	62669.000	37.682	
127.658	221.785	1.682	-2.438	1.882	-41.280	225.549	25.000	62751.000	37.541	
134.665	217.161	1.511	-2.017	1.993	115.610	263.598	110.549	62831.000	37.635	
124.726	220.951	1.910	-3.176	2.201	153.110	68.171	41.037	62912.000	37.588	
119.993	224.312	1.365	-2.423	1.398	49.085	7.622	48.110	62991.000	37.588	
119.154	232.461	2.041	-2.812	1.568	12.622	-27.988	-21.098	63068.000	37.541	
118.016	229.598	1.646	-2.634	1.401	-2.927	-120.366	-60.671	63149.000	37.541	
118.711	229.275	1.790	-2.813	1.541	-94.573	-165.793	-48.354	63229.000	37.588	
114.994	231.548	2.077	-3.538	1.649	-74.207	-190.488	-27.927	63311.000	37.682	
121.412	222.437	2.042	-3.657	2.233	-336.220	-185.915	-13.293	63393.000	37.729	
122.464	217.427	1.503	-3.087	1.964	-159.390	-36.829	74.695	63476.000	37.635	
134.199	200.872	0.709	-1.912	1.859	25.244	-224.207	-57.683	63558.000	37.729	
127.404	215.622	1.787	-3.262	2.494	153.049	-122.683	-100.671	63639.000	37.588	
123.157	218.247	1.781	-3.459	2.260	-161.220	249.085	59.390	64114.000	37.682	
124.816	219.979	1.860	-3.190	2.219	-30.366	76.037	-19.634	64195.000	37.635	
133.632	224.607	1.556	-1.654	1.577	93.780	128.049	29.085	64275.000	37.635	
132.631	218.233	1.926	-2.655	2.444	104.268	22.805	-32.744	64355.000	37.635	
121.321	226.106	1.830	-2.894	1.761	110.854	-33.902	-38.049	64435.000	37.635	
124.271	228.108	1.877	-2.471	1.684	40.915	30.549	0.671	64516.000	37.588	
122.739	225.831	1.845	-2.787	1.792	11.280	-59.939	-81.768	64592.000	37.729	
119.397	228.196	1.708	-2.711	1.527	-36.951	-137.744	-87.439	64672.000	37.541	
121.125	230.318	1.961	-2.694	1.627	-36.524	-154.573	-105.793	64755.000	37.588	
116.475	226.297	1.809	-3.471	1.729	-91.220	-204.329	-121.524	64838.000	37.729	
126.006	221.487	2.143	-3.334	2.423	-189.695	-235.915	12.012	64921.000	37.635	
123.969	225.887	2.146	-3.089	2.081	-36.463	-11.159	155.000	65003.000	37.729	
148.249	194.647	0.539	-1.276	2.063	-122.744	-179.573	-2.256	65085.000	37.682	
130.756	216.982	2.225	-3.428	2.954	96.951	-162.439	-87.927	65167.000	37.729	
122.280	221.504	1.306	-2.336	1.476	-50.366	-101.402	-101.829	65248.000	37.635	
124.830	214.106	1.358	-2.883	2.006	23.780	-37.195	-67.805	65331.000	37.541	
119.624	220.481	1.309	-2.696	1.533	74.329	48.171	44.512	65411.000	37.635	
122.245	215.507	1.374	-3.053	1.926	-67.317	145.854	13.232	65489.000	37.588	
116.738	218.985	1.472	-3.609	1.818	-30.732	101.159	56.707	65569.000	37.635	
127.057	215.644	1.995	-3.685	2.782	-147.134	146.646	11.159	65649.000	37.635	
127.344	223.948	1.879	-2.555	1.949	-27.561	85.854	96.220	65730.000	37.635	
141.288	225.590	1.868	-1.467	1.830	290.549	153.415	186.037	65809.000	37.635	
129.093	217.299	2.005	-3.239	2.632	198.780	115.061	-27.439	65891.000	37.588	
120.956	229.731	1.604	-2.265	1.358	79.756	104.390	148.171	65972.000	37.682	
122.148	229.348	1.983	-2.710	1.703	78.780	90.427	49.268	66052.000	37.729	
119.724	228.348	1.696	-2.643	1.509	-6.341	-23.537	43.354	66129.000	37.588	
130.903	213.985	2.026	-3.470	3.006	186.220	-168.354	-61.951	66604.000	37.635	
124.959	213.770	1.181	-2.525	1.766	-29.512	-101.402	-159.451	66685.000	37.635	
126.962	209.033	1.098	-2.628	1.978	120.488	-135.549	-67.683	66768.000	37.635	
123.126	218.416	1.358	-2.625	1.713	87.073	48.171	-13.598	66850.000	37.776	
123.134	214.552	1.430	-3.181	2.076	14.329	127.073	-23.110	66929.000	37.682	
118.084	220.781	1.612	-3.503	1.869	-9.207	211.524	49.146	67010.000	37.588	
127.458	210.541	1.556	-3.441	2.637	-109.146	210.183	77.927	67089.000	37.588	
129.960	221.093	2.052	-2.808	2.353	-117.500	95.549	-23.841	67170.000	37.682	
136.208	223.792	1.723	-1.723	1.797	41.098	110.488	58.598	67251.000	37.635	
133.726	219.463	1.874	-2.380	2.276	132.744	57.195	-36.890	67330.000	37.635	
125.486	219.474	1.760	-2.997	2.137	1.951	-56.280	19.756	67410.000	37.729	
120.810	234.365	1.783	-2.144	1.278	34.817	-35.549	21.341	67488.000	37.635	
122.854	226.393	1.871	-2.760	1.782	33.780	-40.061	-104.268	67567.000	37.635	
120.927	225.035	1.619	-2.699	1.617	-106.646	-120.610	-121.585	67648.000	37.729	
120.390	224.753	1.914	-3.292	1.931	-111.220	-182.317	-74.634	67732.000	37.541	
115.506	226.755	1.840	-3.627	1.730	-317.195	-180.854	50.305	67816.000	37.588	
124.389	223.845	2.374	-3.611	2.472	-146.829	-145.061	182.866	67898.000	37.635	
141.505	193.942	0.484	-1.552	1.951	-134.024	-185.793	47.927	67981.000	37.588	
131.919	217.068	2.075	-3.060	2.747	72.683	-185.183	-155.549	68063.000	37.635	
119.504	224.229	1.503	-2.729	1.544	-67.561	-30.183	-54.756	68146.000	37.682	
123.852	211.503	1.079	-2.625	1.761	65.366	30.122	-65.122	68227.000	37.682	
119.574	214.070	1.122	-2.924	1.659	107.134	42.927	-10.793	68305.000	37.776	
120.317	219.672	1.372	-2.829	1.654	-3.720	170.061	-0.671	68385.000	37.682	
119.809	219.125	1.741	-3.736	2.141	56.037	172.622	68.598	68464.000	37.682	
126.872	216.029	1.878	-3.442	2.582	-80.549	221.280	95.244	68544.000	37.682	
131.027	222.352	2.004	-2.526	2.198	-15.061	57.012	56.280	68624.000	37.588	
122.036	226.592	1.716	-2.594	1.623	-79.329	-78.720	-16.463	69093.000	37.635	
115.764	228.762	2.121	-3.853	1.859	-89.634	-109.329	53.598	69174.000	37.682	
123.231	223.347	2.415	-3.905	2.559	-128.902	-39.207	176.220	69256.000	37.635	
132.524	205.507	0.835	-1.908	1.750	-147.500	55.488	120.549	69338.000	37.635	
134.577	208.233	1.306	-2.468	2.432	117.012	-157.134	-160.854	69419.000	37.682	
124.560	220.781	1.833	-3.085	2.125	66.707	-18.354	-30.305	69501.000	37.635	
127.497	217.810	1.299	-2.182	1.674	25.976	161.585	25.671	69582.000	37.541	
124.871	210.854	1.207	-2.899	2.021	216.707	136.159	132.378	69661.000	37.635	
121.940	217.853	1.342	-2.770	1.727	86.463	268.476	144.268	69742.000	37.635	
123.579	216.677	1.732	-3.504	2.326	23.415	236.951	127.500	69822.000	37.682	
115.551	226.624	1.859	-3.675	1.757	-164.329	324.939	228.171	69902.000	37.776	
124.840	220.156	1.978	-3.367	2.344	-174.817	302.317	169.451	69985.000	37.635	
132.523	229.933	1.721	-1.578	1.447	90.122	217.317	98.171	70067.000	37.682	
130.908	215.076	1.847	-3.035	2.630	208.049	250.915	140.915	70146.000	37.588	
119.516	230.806	1.814	-2.613	1.479	195.610	218.963	120.000	70226.000	37.682	
123.247	227.852	2.037	-2.813	1.844	140.610	181.585	97.500	70308.000	37.635	
120.830	227.216	1.782	-2.764	1.649	95.122	93.598	71.524	70388.000	37.729	
117.905	231.200	1.849	-2.807	1.486	68.354	-10.000	66.341	70466.000	37.729	
116.964	233.652	1.934	-2.797	1.423	-35.122	-10.793	71.098	70545.000	37.729	
115.813	230.391	1.908	-3.265	1.579	-30.183	-80.183	43.659	70625.000	37.635	
118.479	224.821	1.871	-3.471	1.883	-106.098	-94.695	111.890	70705.000	37.729	
119.884	228.805	2.216	-3.375	1.939	13.537	64.146	169.939	70788.000	37.588	
124.081	221.270	1.484	-2.500	1.691	-26.951	90.122	190.915	70866.000	37.682	
132.564	195.393	0.587	-2.321	2.132	101.768	76.402	120.671	70946.000	37.682	
127.869	213.352	1.715	-3.351	2.605	237.073	66.402	97.561	71026.000	37.729	
119.187	224.184	1.521	-2.801	1.564	137.866	142.134	16.037	71106.000	37.682	
123.827	208.677	1.035	-2.824	1.893	233.415	155.122	119.939	71186.000	37.635	
132.146	228.065	1.854	-1.841	1.666	-48.293	234.451	98.415	71661.000	37.682	
137.337	213.674	1.593	-2.203	2.391	193.171	205.549	150.854	71741.000	37.635	
120.725	227.438	2.080	-3.214	1.910	145.610	66.280	73.415	71822.000	37.824	
123.396	226.254	1.459	-2.118	1.396	121.220	79.695	138.902	71901.000	37.635	
119.272	232.569	2.044	-2.791	1.564	44.695	29.451	-3.415	71982.000	37.635	
120.539	228.222	1.631	-2.470	1.457	-31.768	-50.671	1.402	72059.000	37.635	
118.364	228.935	2.071	-3.343	1.805	-111.646	-83.902	44.634	72138.000	37.635	
118.301	221.260	1.787	-3.783	2.037	-165.976	-110.549	101.585	72219.000	37.635	
120.830	227.705	2.392	-3.646	2.176	-87.988	-31.159	161.829	72302.000	37.682	
129.397	207.678	0.888	-2.061	1.692	-63.293	-55.427	79.085	72384.000	37.729	
131.463	205.681	1.190	-2.802	2.476	114.268	-130.549	-117.378	72464.000	37.635	
120.975	223.479	1.719	-3.020	1.813	37.622	-30.671	-77.073	72547.000	37.682	
119.394	217.093	1.087	-2.552	1.438	37.622	13.232	-54.085	72627.000	37.635	
120.980	215.417	1.313	-3.074	1.846	115.366	49.146	45.122	72707.000	37.635	
118.901	219.057	1.261	-2.814	1.554	33.841	191.463	74.939	72785.000	37.635	
121.273	218.746	1.643	-3.370	2.047	41.037	185.000	79.939	72864.000	37.588	
119.362	224.445	1.997	-3.619	2.036	-34.390	247.866	106.402	72943.000	37.776	
123.476	218.329	1.803	-3.448	2.280	-25.732	75.183	-43.841	73024.000	37.729	
130.345	225.529	1.655	-1.913	1.625	9.207	109.573	82.805	73105.000	37.635	
131.298	221.258	1.870	-2.427	2.132	97.622	109.024	99.024	73183.000	37.729	
122.361	222.975	1.812	-3.068	1.944	94.634	68.659	57.256	73262.000	37.635	
119.724	229.517	1.561	-2.333	1.332	74.451	45.671	137.561	73339.000	37.682	
120.748	229.475	1.991	-2.861	1.702	59.512	37.317	20.366	73418.000	37.682	
117.955	228.943	1.628	-2.672	1.418	-42.561	-22.134	26.402	73496.000	37.635	
119.471	225.445	1.838	-3.202	1.810	-105.610	-41.707	-8.902	73577.000	37.682	
114.915	224.509	1.752	-3.837	1.782	-203.354	-79.817	52.744	73658.000	37.729	
120.038	212.961	1.205	-3.214	1.858	187.012	44.939	35.549	74129.000	37.729	
114.565	224.609	1.350	-2.993	1.368	130.976	134.085	51.768	74208.000	37.729	
118.740	221.953	1.711	-3.471	1.903	30.000	162.317	93.841	74288.000	37.729	
117.198	225.861	2.012	-3.799	1.952	-123.902	303.049	153.841	74366.000	37.824	
120.000	218.345	1.638	-3.586	2.070	-117.317	173.720	12.378	74449.000	37.682	
129.175	225.368	1.454	-1.762	1.436	-13.171	108.293	43.415	74530.000	37.729	
130.454	220.985	1.979	-2.672	2.278	170.549	65.244	-5.549	74610.000	37.635	
120.613	221.383	1.621	-3.109	1.840	117.012	-58.659	-38.049	74689.000	37.635	
119.035	233.373	1.773	-2.375	1.318	33.232	-102.317	-9.634	74771.000	37.635	
123.663	223.270	1.818	-2.900	1.932	-8.780	-116.524	-136.829	74851.000	37.729	
117.182	230.526	1.732	-2.778	1.427	-9.329	-195.854	-95.061	74933.000	37.776	
120.639	227.427	1.981	-3.073	1.820	-69.512	-130.610	-39.817	75014.000	37.635	
115.454	228.166	1.882	-3.539	1.685	-111.280	-95.122	10.000	75096.000	37.682	
119.966	229.328	2.422	-3.609	2.081	-91.159	-21.463	101.951	75177.000	37.682	
128.077	208.222	1.043	-2.480	1.943	-107.561	-6.768	50.366	75258.000	37.824	
135.433	205.747	1.130	-2.308	2.343	-0.244	-151.646	-114.451	75338.000	37.729	
124.362	222.100	1.931	-3.125	2.137	20.854	-50.122	-34.207	75420.000	37.682	
120.892	220.921	1.316	-2.538	1.519	-76.890	-5.488	-82.988	75501.000	37.871	
120.368	217.788	1.345	-2.960	1.734	41.098	-6.890	-5.305	75581.000	37.682	
118.719	222.847	1.362	-2.681	1.469	48.598	116.341	84.329	75659.000	37.776	
120.123	217.873	1.555	-3.445	1.999	-26.220	119.390	62.805	75738.000	37.682	
112.164	227.117	1.644	-3.747	1.526	-35.488	122.744	99.756	75817.000	37.682	
124.018	217.053	1.920	-3.768	2.543	-92.927	149.695	30.427	75897.000	37.588	
129.005	225.229	1.720	-2.106	1.706	-6.951	84.329	67.256	75978.000	37.729	
132.643	223.322	1.813	-2.087	1.922	211.037	133.293	102.622	76056.000	37.776	
126.355	218.204	1.826	-3.152	2.320	111.402	40.000	-11.159	76137.000	37.635	
119.534	229.629	1.623	-2.436	1.380	102.622	27.134	126.402	76217.000	37.729	
124.087	219.477	1.551	-2.782	1.883	-69.024	74.573	107.927	76692.000	37.682	
135.660	202.045	0.815	-1.968	2.014	-35.549	-142.622	-45.793	76772.000	37.776	
126.159	220.415	2.050	-3.294	2.407	107.500	-32.439	9.512	76854.000	37.729	
117.554	225.541	1.253	-2.356	1.229	11.646	67.439	21.098	76933.000	37.729	
122.268	212.801	1.296	-3.185	2.011	141.646	88.780	62.256	77011.000	37.729	
116.941	222.979	1.321	-2.790	1.418	156.098	162.866	122.073	77090.000	37.729	
122.130	215.140	1.411	-3.192	2.005	92.927	201.463	75.244	77171.000	37.729	
115.980	221.958	1.549	-3.535	1.723	93.720	216.768	115.488	77250.000	37.729	
120.791	219.233	1.717	-3.528	2.103	-44.878	243.537	196.890	77330.000	37.635	
127.425	220.138	1.807	-2.800	2.143	-48.537	121.707	115.793	77412.000	37.776	
128.402	227.460	1.790	-2.072	1.643	155.366	176.037	135.732	77493.000	37.776	
130.926	223.180	2.157	-2.651	2.299	212.988	210.000	83.293	77574.000	37.729	
121.580	222.228	1.622	-2.907	1.787	200.061	177.988	157.744	77654.000	37.729	
122.264	231.688	1.949	-2.439	1.540	126.098	178.110	167.561	77735.000	37.682	
120.499	226.389	1.814	-2.935	1.729	92.500	115.305	57.927	77816.000	37.682	
116.102	232.734	1.846	-2.866	1.404	49.268	113.110	136.037	77895.000	37.776	
119.124	227.852	1.883	-3.059	1.704	2.683	92.378	114.512	77975.000	37.635	
124.477	215.269	1.736	-3.575	2.455	-101.951	-2.256	113.171	78053.000	37.588	
121.410	229.517	2.374	-3.318	2.026	84.329	170.793	232.256	78135.000	37.824	
130.541	209.294	1.023	-2.133	1.824	-35.061	146.585	159.207	78215.000	37.729	
131.756	210.585	1.417	-2.686	2.397	151.220	121.341	139.146	78296.000	37.729	
124.940	222.234	1.866	-2.942	2.056	162.378	286.280	183.476	78376.000	37.682	
123.117	215.845	1.240	-2.632	1.717	174.268	309.268	216.159	78457.000	37.824	
123.412	218.085	1.472	-2.847	1.878	315.122	345.244	261.524	78539.000	37.824	
121.130	222.658	1.626	-2.922	1.765	311.037	442.195	220.549	78620.000	37.776	
120.292	216.568	1.305	-3.011	1.759	209.878	434.695	201.829	78701.000	37.776	
121.261	214.586	1.338	-3.196	1.940	227.378	327.866	239.451	78782.000	37.729	
129.513	224.287	2.326	-2.892	2.385	141.159	284.939	73.537	79248.000	37.682	
121.350	233.852	1.928	-2.312	1.408	141.037	221.890	197.866	79328.000	37.729	
127.564	233.949	2.552	-2.415	1.857	185.976	270.244	161.646	79409.000	37.729	
123.062	233.068	2.151	-2.484	1.617	116.829	187.378	180.915	79490.000	37.682	
119.756	235.955	2.207	-2.608	1.491	88.537	143.354	231.098	79571.000	37.682	
118.803	235.381	2.186	-2.744	1.509	42.561	103.963	288.537	79651.000	37.824	
116.193	236.393	2.187	-2.954	1.453	43.841	84.939	291.463	79731.000	37.729	
121.563	227.367	2.029	-3.041	1.868	-15.305	47.988	261.829	79810.000	37.824	
122.148	229.730	2.402	-3.238	2.035	181.829	178.780	253.537	79890.000	37.824	
127.001	221.545	1.771	-2.651	1.998	12.988	184.695	199.024	79972.000	37.729	
133.416	204.503	1.002	-2.323	2.198	122.805	155.061	177.195	80052.000	37.824	
128.887	212.404	1.532	-2.993	2.414	234.268	82.500	171.220	80133.000	37.776	
124.467	218.465	1.563	-2.865	1.967	97.683	129.024	108.415	80212.000	37.776	
127.681	211.306	1.211	-2.578	1.991	144.085	156.646	178.354	80293.000	37.635	
125.147	216.494	1.452	-2.788	1.963	269.146	214.268	178.537	80374.000	37.729	
123.308	219.660	1.534	-2.816	1.851	178.902	277.439	189.573	80455.000	37.776	
124.500	218.166	1.596	-2.954	2.030	155.549	310.488	207.927	80536.000	37.776	
120.520	220.671	1.699	-3.354	1.978	115.427	349.573	250.976	80617.000	37.824	
127.027	213.758	1.781	-3.533	2.665	-17.866	259.146	112.073	80699.000	37.729	
134.931	216.107	1.764	-2.424	2.418	-54.634	184.573	73.659	80780.000	37.776	
141.982	222.269	1.745	-1.501	1.920	250.610	255.000	175.488	80860.000	37.776	
133.464	219.520	2.075	-2.654	2.516	316.524	188.476	57.744	80941.000	37.729	
128.720	222.258	1.815	-2.492	1.998	213.415	143.780	192.561	81020.000	37.635	
131.700	226.673	2.014	-2.132	1.899	145.610	112.012	102.622	81102.000	37.776	
129.273	222.469	1.784	-2.384	1.949	83.537	41.341	66.585	81183.000	37.682	
126.082	227.516	1.845	-2.318	1.689	-242.317	-17.744	69.268	81261.000	37.682	
120.258	222.365	1.549	-2.911	1.698	46.707	-55.915	-32.744	81734.000	37.871	
122.668	213.402	1.097	-2.594	1.663	31.646	-32.195	-16.585	81814.000	37.824	
120.981	218.007	1.376	-2.933	1.761	129.756	66.646	56.646	81894.000	37.824	
121.851	215.105	1.236	-2.831	1.759	65.488	167.988	50.000	81973.000	37.824	
120.399	218.129	1.668	-3.622	2.125	45.732	224.024	19.512	82053.000	37.729	
120.060	224.573	2.079	-3.646	2.110	-123.232	295.427	89.634	82131.000	37.729	
125.084	216.862	1.688	-3.206	2.252	13.354	71.037	1.707	82212.000	37.824	
129.380	225.504	1.566	-1.875	1.539	-117.012	41.220	-12.073	82289.000	37.729	
133.026	222.139	1.968	-2.330	2.175	35.671	58.720	50.793	82370.000	37.729	
123.345	220.345	1.807	-3.232	2.127	63.049	-24.878	29.085	82449.000	37.729	
122.939	218.611	1.220	-2.357	1.527	-91.707	-68.171	56.341	82528.000	37.729	
118.965	234.330	2.083	-2.701	1.495	-62.012	-87.622	-82.134	82608.000	37.824	
115.993	231.754	1.872	-3.026	1.476	-25.366	-140.549	-39.817	82689.000	37.729	
116.491	228.172	1.674	-3.006	1.498	12.073	-131.829	10.915	82770.000	37.776	
114.985	227.968	1.773	-3.431	1.599	5.976	-133.537	6.402	82851.000	37.729	
119.845	224.538	2.104	-3.728	2.139	-216.646	-37.988	-21.768	82929.000	37.776	
119.396	225.406	1.805	-3.158	1.779	53.049	67.378	97.927	83011.000	37.729	
135.398	201.479	0.779	-1.953	1.980	-52.195	-150.732	-7.988	83089.000	37.729	
132.799	203.012	1.110	-2.823	2.614	79.207	-271.159	-176.707	83170.000	37.729	
125.866	219.258	1.756	-2.972	2.148	-35.976	-219.878	-146.646	83253.000	37.682	
119.152	213.213	0.944	-2.586	1.442	-38.902	-126.646	-103.171	83336.000	37.729	
122.697	213.400	1.269	-2.997	1.924	58.780	-8.354	-39.085	83419.000	37.776	
121.510	213.541	1.204	-2.963	1.816	6.220	53.476	-109.512	83497.000	37.776	
121.476	218.986	1.671	-3.372	2.064	-7.988	133.476	-80.915	83577.000	37.682	
117.522	221.234	1.726	-3.778	1.969	-176.341	205.854	50.488	83657.000	37.776	
123.430	213.239	1.489	-3.442	2.272	-257.012	-63.902	-18.293	83738.000	37.635	
119.490	228.880	1.814	-2.801	1.584	-27.012	-153.720	-142.683	84217.000	37.776	
121.228	225.531	1.861	-3.014	1.827	-93.720	-118.354	-88.049	84300.000	37.776	
114.531	230.534	1.924	-3.471	1.584	-68.841	-110.000	26.220	84382.000	37.682	
124.887	225.962	2.661	-3.690	2.573	-149.329	-56.402	40.732	84463.000	37.729	
129.097	210.822	1.248	-2.574	2.092	-168.902	67.195	126.220	84544.000	37.729	
138.613	197.840	0.675	-1.848	2.097	-75.976	-172.927	-87.012	84626.000	37.776	
129.046	215.627	1.899	-3.268	2.650	66.220	-136.646	-36.341	84708.000	37.729	
120.658	220.236	1.246	-2.484	1.473	-112.988	-68.537	-116.037	84789.000	37.729	
123.179	209.895	1.061	-2.821	1.845	79.512	-69.756	8.171	84872.000	37.729	
120.357	216.421	1.303	-3.015	1.766	170.610	74.085	79.512	84951.000	37.682	
122.977	214.525	1.369	-3.067	1.990	64.207	179.329	87.500	85029.000	37.776	
120.693	214.307	1.433	-3.537	2.100	49.207	284.451	132.378	85108.000	37.776	
127.362	213.082	1.754	-3.526	2.692	-153.841	298.598	116.646	85188.000	37.682	
122.988	223.727	1.783	-2.872	1.864	-117.744	91.890	19.268	85270.000	37.729	
134.880	227.689	1.785	-1.632	1.625	127.927	217.256	157.500	85351.000	37.729	
130.451	218.775	1.942	-2.836	2.418	168.902	166.341	41.585	85432.000	37.776	
120.472	222.394	1.546	-2.878	1.693	130.366	61.037	94.329	85512.000	37.776	
122.827	230.200	1.850	-2.389	1.541	75.732	38.293	32.622	85591.000	37.776	
121.816	225.770	1.951	-3.062	1.899	44.207	-6.220	-37.866	85668.000	37.776	
120.935	224.277	1.528	-2.615	1.567	-63.963	-66.220	-15.000	85748.000	37.776	
117.478	230.929	1.978	-3.087	1.605	-67.866	-27.317	12.927	85829.000	37.776	
114.197	231.084	1.830	-3.288	1.478	-100.427	-16.768	15.244	85909.000	37.776	
120.008	225.735	2.004	-3.382	1.953	-183.232	-14.756	34.390	85990.000	37.824	
119.018	228.334	2.253	-3.614	2.005	10.183	95.061	118.780	86071.000	37.824	
127.359	214.175	1.132	-2.184	1.667	-202.256	-32.256	111.341	86151.000	37.729	
129.741	214.237	1.452	-2.566	2.134	112.805	-5.549	3.354	86233.000	37.871	
121.176	226.314	1.981	-3.128	1.893	158.720	51.037	78.232	86310.000	37.871	
124.444	214.419	1.794	-3.817	2.618	16.585	158.110	2.439	86784.000	37.776	
129.158	223.904	1.802	-2.299	1.872	30.610	193.598	108.049	86861.000	37.776	
139.615	228.692	1.941	-1.451	1.706	192.378	164.573	105.183	86941.000	37.871	
127.321	221.801	2.219	-3.255	2.481	140.305	139.756	-84.817	87022.000	37.729	
119.764	233.151	1.695	-2.222	1.271	21.098	59.207	81.707	87103.000	37.729	
125.863	227.993	2.054	-2.559	1.850	51.341	25.732	-30.183	87182.000	37.729	
122.347	229.887	1.996	-2.655	1.682	-28.354	-70.183	-21.707	87261.000	37.824	
121.483	231.667	2.137	-2.759	1.689	-91.098	-75.366	-12.927	87342.000	37.729	
121.413	227.465	1.929	-2.897	1.770	-62.927	-135.854	14.939	87422.000	37.776	
118.356	231.343	2.074	-3.074	1.659	-113.780	-110.183	-8.293	87503.000	37.824	
121.245	226.917	2.141	-3.300	2.002	-111.159	20.366	91.951	87586.000	37.824	
128.882	218.852	1.569	-2.416	1.948	-97.988	2.744	20.915	87666.000	37.682	
136.447	201.372	0.962	-2.337	2.458	-43.598	-190.549	-156.585	87744.000	37.824	
128.404	222.675	2.135	-2.921	2.315	-35.488	-213.598	-165.915	87827.000	37.776	
122.524	221.840	1.454	-2.547	1.624	-46.098	-138.110	-80.854	87910.000	37.776	
124.494	216.403	1.379	-2.722	1.870	65.183	-118.598	-36.524	87993.000	37.871	
124.622	218.357	1.467	-2.685	1.854	44.573	9.268	-56.829	88074.000	37.824	
122.175	220.895	1.743	-3.199	2.013	-37.683	79.634	-14.634	88152.000	37.824	
121.176	222.692	1.813	-3.249	1.966	-134.939	189.878	54.634	88231.000	37.824	
125.178	216.456	1.914	-3.676	2.591	-23.598	-11.829	-15.915	88313.000	37.824	
127.468	223.171	1.569	-2.183	1.673	-166.220	-4.268	70.000	88394.000	37.776	
137.145	223.406	1.894	-1.857	2.002	15.122	14.329	72.622	88474.000	37.871	
127.410	219.264	1.841	-2.944	2.252	-39.756	26.159	-21.768	88552.000	37.824	
121.677	225.155	1.812	-2.920	1.802	-98.537	-31.159	39.085	88632.000	37.776	
120.412	227.507	1.770	-2.762	1.621	-69.634	-61.098	-53.780	88713.000	37.776	
120.350	223.237	1.553	-2.820	1.651	-51.768	-169.329	-129.817	88794.000	37.824	
121.751	220.558	1.554	-2.934	1.815	-210.610	-173.110	-75.610	89271.000	37.824	
139.062	198.847	0.832	-2.114	2.438	-141.037	-420.793	-212.378	89354.000	37.776	
131.021	213.655	1.700	-2.936	2.554	-59.207	-449.085	-295.732	89438.000	37.776	
123.072	215.071	1.240	-2.713	1.767	-222.195	-425.915	-362.256	89521.000	37.824	
126.637	211.729	1.207	-2.625	1.952	-111.524	-359.939	-272.622	89606.000	37.776	
122.531	213.502	1.277	-3.025	1.930	-58.902	-195.244	-219.512	89690.000	37.871	
125.722	210.793	1.292	-3.015	2.168	-80.366	-72.927	-80.061	89773.000	37.824	
117.089	216.569	1.308	-3.446	1.763	-109.817	148.049	36.098	89853.000	37.729	
129.338	215.954	2.037	-3.427	2.809	-243.841	189.268	-43.963	89935.000	37.871	
126.742	222.413	1.857	-2.724	2.033	-209.695	3.293	-71.098	90017.000	37.918	
133.199	223.750	1.642	-1.826	1.715	29.085	58.902	27.927	90097.000	37.824	
133.365	221.663	2.026	-2.411	2.277	72.012	-42.195	-189.390	90175.000	37.729	
124.815	221.154	1.734	-2.854	1.984	-24.573	-155.061	-99.817	90256.000	37.729	
126.787	227.939	2.060	-2.485	1.858	-134.451	-176.280	-153.171	90339.000	37.776	
122.397	228.349	1.952	-2.736	1.736	-151.707	-232.927	-188.963	90423.000	37.776	
118.200	230.306	1.821	-2.819	1.512	-157.561	-263.720	-129.573	90507.000	37.824	
120.604	229.653	1.966	-2.823	1.670	-164.085	-293.110	-119.512	90591.000	37.824	
114.264	233.579	1.944	-3.183	1.435	-146.280	-288.354	-78.110	90676.000	37.776	
124.332	223.189	2.123	-3.312	2.262	-202.134	-209.268	-40.061	90759.000	37.824	
122.436	224.107	1.942	-3.153	2.004	-57.866	-75.061	-11.646	90842.000	37.776	
126.733	215.879	1.384	-2.563	1.913	-118.415	-107.866	21.220	90923.000	37.824	
133.755	195.565	0.612	-2.296	2.198	9.329	-261.768	-104.268	91005.000	37.776	
128.834	217.864	1.928	-3.080	2.479	-12.683	-214.451	-119.451	91086.000	37.682	
122.103	211.977	1.003	-2.561	1.606	-64.512	-188.537	-116.829	91169.000	37.776	
127.869	208.091	1.174	-2.828	2.199	23.415	-139.634	-86.585	91252.000	37.824	
121.728	213.896	1.264	-3.042	1.881	50.915	0.183	-34.451	91334.000	37.824	
130.398	220.103	2.001	-2.792	2.376	74.451	29.451	-36.829	91803.000	37.824	
121.446	218.773	1.551	-3.157	1.931	15.061	-47.805	-17.683	91882.000	37.824	
121.673	226.266	1.559	-2.417	1.491	-28.780	-101.707	-80.793	91962.000	37.824	
122.601	225.901	1.767	-2.677	1.712	-25.488	-190.793	-234.695	92045.000	37.824	
117.675	226.968	1.705	-3.035	1.592	-58.902	-229.268	-200.122	92128.000	37.776	
121.063	225.286	1.771	-2.910	1.753	-113.415	-243.841	-145.183	92211.000	37.824	
116.041	229.885	1.892	-3.262	1.594	-118.902	-308.232	-144.024	92295.000	37.776	
123.817	221.600	2.118	-3.562	2.386	-243.902	-203.354	6.098	92380.000	37.871	
126.396	217.050	1.606	-2.887	2.128	-67.073	-86.829	121.707	92461.000	37.871	
135.275	208.191	1.098	-2.028	2.048	-134.817	-142.561	-10.793	92541.000	37.824	
136.051	199.888	0.990	-2.639	2.737	91.220	-190.000	-81.524	92624.000	37.776	
126.318	217.782	1.714	-3.008	2.211	67.378	-146.159	-188.110	92706.000	37.824	
126.644	208.613	1.001	-2.467	1.835	14.634	-131.280	-144.146	92788.000	37.871	
123.985	213.450	1.245	-2.796	1.885	178.963	-140.366	-133.537	92870.000	37.871	
123.625	214.457	1.352	-2.962	1.970	72.439	28.963	3.720	92953.000	37.871	
126.003	212.026	1.404	-3.090	2.245	-71.463	146.341	19.024	93030.000	37.824	
124.706	218.007	1.666	-3.078	2.132	-149.329	248.476	91.220	93111.000	37.824	
128.660	212.098	1.767	-3.521	2.816	-93.720	72.805	-92.195	93192.000	37.776	
135.553	214.377	1.607	-2.305	2.350	-77.378	178.841	95.671	93272.000	37.871	
141.066	225.000	1.733	-1.400	1.733	134.695	168.171	156.646	93351.000	37.776	
131.268	219.591	2.124	-2.927	2.568	46.280	254.146	-73.049	93432.000	37.729	
121.697	229.000	1.883	-2.650	1.637	72.317	127.805	139.939	93513.000	37.824	
124.446	231.102	2.088	-2.456	1.685	81.220	157.073	53.232	93593.000	37.824	
120.432	229.992	1.872	-2.675	1.571	30.061	20.244	13.659	93672.000	37.824	
118.746	233.643	2.002	-2.687	1.474	-2.866	-32.195	66.341	93750.000	37.824	
118.954	231.803	2.153	-3.063	1.694	-60.122	-54.390	88.720	93829.000	37.824	
113.295	236.111	2.011	-3.137	1.351	-65.427	-56.890	63.049	93910.000	37.824	
121.532	217.979	1.137	-2.373	1.456	1.341	-32.500	-23.841	94383.000	37.824	
123.291	218.790	1.476	-2.796	1.836	229.512	4.329	19.756	94461.000	37.824	
126.016	214.333	1.252	-2.521	1.833	111.585	166.220	33.841	94539.000	37.776	
123.522	217.561	1.847	-3.625	2.401	-8.476	180.610	47.073	94620.000	37.776	
123.121	221.849	2.054	-3.515	2.293	-230.915	256.585	220.671	94699.000	37.871	
133.944	217.807	1.978	-2.645	2.549	102.683	73.049	97.012	94781.000	37.824	
141.967	225.036	1.571	-1.228	1.569	71.829	158.780	161.646	94860.000	37.824	
131.716	213.366	1.923	-3.275	2.920	148.354	76.646	122.683	94940.000	37.918	
126.203	224.908	1.513	-2.073	1.518	20.366	48.598	37.378	95021.000	37.824	
127.436	223.928	2.049	-2.778	2.127	20.183	56.037	-90.793	95098.000	37.824	
123.720	224.655	1.690	-2.563	1.711	-33.232	-49.634	-64.695	95177.000	37.824	
121.678	227.035	1.893	-2.856	1.763	-47.744	-89.634	-84.878	95258.000	37.918	
120.593	229.341	1.931	-2.805	1.658	-74.268	-107.927	-55.244	95339.000	37.871	
116.543	233.526	2.022	-2.993	1.495	1.524	-82.622	-28.476	95422.000	37.729	
119.003	225.958	1.781	-3.107	1.723	-142.073	-58.963	38.049	95501.000	37.729	
123.907	225.968	2.556	-3.676	2.471	29.817	4.756	168.598	95582.000	37.824	
127.235	213.002	1.241	-2.515	1.911	-42.378	102.927	250.488	95660.000	37.824	
138.490	203.755	0.979	-1.970	2.226	-33.659	-96.098	-41.402	95740.000	37.871	
130.915	215.487	1.860	-3.011	2.609	187.744	-65.183	38.659	95822.000	37.871	
124.525	221.375	1.530	-2.525	1.737	-3.780	41.159	-27.744	95902.000	37.776	
125.700	213.854	1.321	-2.741	1.970	130.122	79.817	64.634	95981.000	37.871	
124.121	215.278	1.372	-2.862	1.939	149.695	164.939	143.110	96060.000	37.871	
123.054	217.419	1.374	-2.760	1.796	0.488	196.768	97.622	96141.000	37.824	
124.492	217.859	1.653	-3.096	2.127	2.683	226.890	154.634	96220.000	37.776	
115.575	227.003	1.720	-3.351	1.604	-56.037	214.695	154.146	96299.000	37.682	
123.985	214.858	1.724	-3.671	2.475	-122.866	163.354	78.537	96379.000	37.824	
124.573	224.853	1.896	-2.765	1.905	137.988	88.232	43.415	96852.000	37.824	
123.865	227.642	2.004	-2.723	1.827	72.256	48.902	98.354	96932.000	37.824	
122.668	226.469	1.855	-2.749	1.763	-23.537	117.683	184.390	97010.000	37.776	
118.744	224.687	1.688	-3.112	1.707	-97.073	18.354	159.878	97091.000	37.824	
123.864	223.797	2.140	-3.325	2.231	-157.073	-0.610	195.671	97171.000	37.824	
120.206	229.235	2.195	-3.251	1.893	61.585	293.049	392.683	97252.000	37.776	
131.590	214.379	1.360	-2.240	1.988	31.951	371.341	338.598	97333.000	37.776	
137.390	196.123	0.638	-2.029	2.206	204.146	311.951	259.390	97413.000	37.776	
127.380	218.976	2.016	-3.261	2.491	344.878	371.890	205.122	97494.000	37.824	
126.158	221.924	1.616	-2.463	1.800	261.585	524.268	271.220	97574.000	37.729	
128.500	213.124	1.467	-2.826	2.248	414.939	523.720	410.671	97656.000	37.824	
126.117	214.246	1.414	-2.847	2.077	376.829	536.585	429.512	97737.000	37.871	
126.450	219.021	1.628	-2.720	2.009	296.829	490.305	385.610	97818.000	37.918	
124.318	216.962	1.541	-3.000	2.048	230.061	513.232	379.817	97899.000	37.824	
119.729	220.650	1.536	-3.133	1.789	157.317	488.780	411.768	97980.000	37.871	
122.443	223.849	1.905	-3.120	1.983	88.902	572.317	455.915	98062.000	37.871	
127.390	214.077	1.572	-3.041	2.324	124.329	328.598	179.390	98142.000	37.824	
129.803	221.893	1.659	-2.220	1.850	148.720	426.951	159.085	98223.000	37.729	
130.270	227.948	2.034	-2.166	1.835	358.659	401.159	221.159	98304.000	37.871	
134.380	224.257	2.305	-2.417	2.365	378.476	481.159	67.012	98384.000	37.776	
124.862	224.208	2.055	-3.032	2.112	310.000	397.378	279.573	98465.000	37.824	
124.716	233.267	2.090	-2.251	1.560	163.537	335.793	148.415	98546.000	37.824	
127.450	230.550	2.194	-2.357	1.806	169.329	187.805	141.890	98627.000	37.871	
125.484	230.336	2.138	-2.486	1.772	224.024	112.744	157.744	98708.000	37.871	
121.030	233.379	2.202	-2.721	1.637	151.524	112.988	197.561	98790.000	37.918	
126.164	228.335	2.102	-2.559	1.870	62.317	45.671	150.610	98871.000	37.824	
120.707	230.694	2.165	-2.984	1.772	67.195	-99.939	155.061	98950.000	37.918	
123.081	220.263	1.567	-2.841	1.851	16.890	120.122	115.122	99424.000	37.824	
125.141	213.125	1.201	-2.615	1.841	109.939	123.659	165.732	99504.000	37.824	
122.732	213.098	1.245	-2.972	1.910	114.451	136.951	165.061	99586.000	37.965	
122.948	219.130	1.500	-2.845	1.844	66.707	187.195	119.512	99666.000	37.824	
122.090	219.357	1.652	-3.213	2.015	89.024	269.878	121.220	99746.000	37.824	
118.508	218.780	1.457	-3.339	1.813	-15.305	272.622	177.683	99826.000	37.824	
124.783	214.439	1.628	-3.418	2.374	-5.915	189.817	83.049	99907.000	37.871	
126.677	220.328	1.679	-2.655	1.978	-36.159	90.915	36.829	99987.000	37.824	
132.698	215.590	1.460	-2.211	2.040		85.488	72.805	100066.000	37.824	
137.007	228.155	2.094	-1.748	1.875		174.146	113.841	100139.000	37.918	
130.949	214.646	1.975	-3.293	2.857		247.195	112.256	100213.000	37.871	
121.537	227.777	1.815	-2.685	1.647		218.659	232.134	100288.000	37.824	
126.347	226.428	1.787	-2.311	1.700		214.756	118.476	100363.000	37.729	
123.004	225.716	1.820	-2.733	1.775		45.610	40.854	100438.000	37.871	
120.261	228.058	1.839	-2.832	1.652		19.146	117.134	100510.000	37.871	
120.938	227.456	1.864	-2.854	1.711		-4.512	115.610	100585.000	37.776	
117.393	225.647	1.749	-3.300	1.710		-77.378	94.329	100659.000	37.918	
124.294	225.116	2.412	-3.522	2.402		-16.037	159.756	100732.000	37.824	
125.688	220.708	1.896	-3.067	2.203		205.000	170.305	100807.000	37.871	
131.935	210.420	1.125	-2.133	1.916		105.671	74.207	100882.000	37.871	
137.753	193.288	0.513	-1.972	2.171		-113.171	8.720	100956.000	37.918	
132.914	211.750	1.895	-3.293	3.062		-84.695	-68.110	101029.000	37.918	
120.576	216.589	1.354	-3.086	1.823		-74.207	-162.500	101104.000	37.965	
125.803	205.201	0.797	-2.348	1.693		-84.817	-76.768	101181.000	37.918	
123.442	214.304	1.340	-2.974	1.964		-21.951	-64.390	101256.000	37.918	
121.055	219.021	1.448	-2.968	1.787		58.720	-65.793	101330.000	37.871	
122.476	220.049	1.725	-3.224	2.052		98.293	-22.622	101404.000	37.871	
118.265	225.731	1.666	-3.021	1.624		275.976	113.476	101478.000	37.824	
118.182	229.391	1.739	-2.783	1.491		64.695	45.915	101945.000	37.965	
121.448	233.998	1.993	-2.368	1.448		35.183	-39.451	102018.000	37.871	
120.563	231.388	2.134	-2.886	1.704		-63.049	-76.341	102091.000	37.824	
115.712	236.075	2.025	-2.829	1.362		-110.732	-25.061	102166.000	37.824	
117.963	233.984	2.078	-2.846	1.511		-151.951	13.049	102242.000	37.965	
116.350	231.571	2.019	-3.233	1.602		-204.573	33.841	102317.000	37.824	
119.413	228.264	1.955	-3.094	1.744		-219.085	69.939	102391.000	37.776	
123.864	228.389	2.297	-3.040	2.040		-54.024	145.671	102466.000	37.871	
126.971	218.985	1.944	-3.191	2.402		-7.805	109.024	102542.000	37.918	
125.707	211.923	1.105	-2.469	1.774		-35.366	69.939	102616.000	37.729	
133.476	198.281	0.685	-2.186	2.072		-142.866	76.341	102689.000	37.918	
129.293	215.687	1.832	-3.117	2.551		-49.085	-47.439	102764.000	37.776	
123.000	209.773	0.988	-2.660	1.728		-55.061	-8.171	102839.000	37.918	
127.886	208.166	1.151	-2.764	2.150		-24.451	32.317	102913.000	37.824	
124.832	210.321	1.198	-2.944	2.049		67.317	9.878	102986.000	37.965	
124.142	214.190	1.361	-2.955	2.004		107.256	-20.671	103058.000	37.918	
121.845	219.111	1.490	-2.951	1.833		140.488	-58.659	103133.000	37.776	
