86.236	291.466	0.663	-3.963	-0.261		4.024	5.305	239642.000	33.259	
86.637	291.395	0.596	-3.972	-0.233		7.317	7.500	239713.000	33.259	
85.658	295.046	0.642	-3.948	-0.300		-5.427	5.488	239783.000	33.212	
86.465	291.537	0.621	-3.968	-0.245		2.744	1.890	239855.000	33.306	
86.970	288.120	0.642	-3.967	-0.210		0.305	1.707	239926.000	33.259	
85.977	293.788	0.627	-3.930	-0.276		0.610	5.671	239997.000	33.259	
85.838	294.417	0.637	-3.973	-0.289		4.634	5.183	240068.000	33.212	
86.302	291.577	0.645	-3.943	-0.255		2.012	6.829	240139.000	33.165	
86.275	291.637	0.647	-3.945	-0.257		0.488	4.207	240209.000	33.165	
86.668	290.778	0.607	-3.958	-0.230		-5.732	-0.549	240280.000	33.259	
86.564	290.740	0.632	-3.985	-0.239		-3.354	5.488	240353.000	33.259	
86.587	290.144	0.642	-3.946	-0.235		1.890	1.098	240424.000	33.259	
86.266	292.228	0.631	-3.950	-0.258		4.329	2.378	240495.000	33.212	
86.512	290.376	0.649	-3.957	-0.241		-1.037	3.110	240566.000	33.306	
86.555	289.847	0.660	-3.958	-0.238		-2.866	3.110	240637.000	33.259	
86.029	292.410	0.663	-3.939	-0.273		-0.671	2.378	240709.000	33.165	
86.627	289.714	0.651	-3.960	-0.233		-0.976	5.244	240781.000	33.165	
86.890	288.077	0.658	-3.954	-0.215		1.524	6.037	240852.000	33.165	
86.316	291.680	0.639	-3.943	-0.254		-0.183	5.244	240923.000	33.306	
86.835	288.693	0.649	-3.974	-0.220		-5.427	4.390	240996.000	33.306	
87.117	287.632	0.630	-3.976	-0.200		-5.732	1.890	241068.000	33.212	
86.433	291.387	0.631	-3.964	-0.247		-3.902	2.012	241139.000	33.259	
86.634	289.283	0.670	-3.984	-0.234		8.110	1.585	241211.000	33.165	
86.727	290.255	0.611	-3.945	-0.226		-0.122	3.476	241282.000	33.259	
86.178	292.068	0.650	-3.947	-0.264		-10.183	2.256	241353.000	33.212	
87.131	287.913	0.613	-3.956	-0.198		1.402	3.293	241426.000	33.212	
86.352	290.992	0.659	-3.967	-0.253		-0.854	1.707	241497.000	33.212	
86.794	288.536	0.661	-3.958	-0.222		-1.585	1.037	241568.000	33.212	
86.568	289.638	0.665	-3.957	-0.237		-2.683	3.293	241640.000	33.353	
86.385	291.348	0.640	-3.957	-0.250		2.317	5.122	241712.000	33.165	
87.341	286.532	0.615	-3.933	-0.183		0.610	5.305	241782.000	33.259	
86.723	289.426	0.640	-3.939	-0.226		-0.244	4.695	241853.000	33.306	
87.003	287.132	0.675	-3.973	-0.208		-3.049	3.659	241926.000	33.212	
87.310	285.855	0.653	-3.949	-0.186		0.915	2.073	241997.000	33.212	
86.247	291.876	0.645	-3.945	-0.259		-0.671	3.293	242068.000	33.165	
86.426	290.790	0.653	-3.972	-0.248		-1.524	4.329	242140.000	33.259	
87.152	287.103	0.635	-3.926	-0.195		-2.866	1.098	242211.000	33.259	
86.568	288.846	0.692	-3.940	-0.236		2.805	4.878	242283.000	33.306	
87.622	284.302	0.644	-3.951	-0.164		1.951	6.159	242354.000	33.306	
86.189	291.994	0.650	-3.943	-0.263		-1.646	5.488	242424.000	33.165	
86.716	289.693	0.636	-3.966	-0.228		-0.854	3.720	242496.000	33.259	
86.431	290.136	0.674	-3.961	-0.247		1.280	3.476	242568.000	33.259	
86.610	289.000	0.681	-3.957	-0.234		0.061	2.012	242638.000	33.306	
86.573	289.659	0.667	-3.979	-0.238		1.280	6.463	242709.000	33.212	
87.273	285.757	0.668	-3.957	-0.188		-0.671	6.951	242780.000	33.165	
87.074	286.961	0.666	-3.975	-0.203		-0.549	6.280	242851.000	33.165	
86.989	287.735	0.650	-3.954	-0.208		0.061	4.207	242924.000	33.259	
86.882	288.358	0.650	-3.962	-0.216		2.317	3.720	242995.000	33.306	
86.844	288.617	0.644	-3.932	-0.217		1.402	6.341	243065.000	33.259	
87.050	287.550	0.648	-3.979	-0.205		2.805	4.451	243136.000	33.259	
86.976	287.735	0.650	-3.938	-0.208		2.195	5.427	243207.000	33.259	
85.244	299.844	0.609	-4.202	-0.350		-10.915	24.390	243277.000	33.212	
81.004	304.329	0.902	-3.893	-0.616		66.890	87.805	243351.000	33.259	
87.134	298.174	0.370	-3.960	-0.198		94.024	128.232	243424.000	33.165	
87.345	283.544	0.750	-3.896	-0.181		14.085	-36.341	243497.000	33.259	
82.573	315.945	0.495	-3.926	-0.512		98.902	-69.024	243571.000	33.259	
81.638	20.113	-0.229	-4.245	-0.624		-64.085	13.354	243645.000	33.165	
78.531	332.997	0.363	-3.514	-0.713		-388.963	-21.768	243719.000	33.212	
80.676	311.106	0.743	-3.949	-0.648		-378.537	-96.220	243795.000	33.165	
84.327	309.697	0.506	-4.228	-0.420		-320.000	-61.890	243871.000	33.212	
93.820	247.766	0.600	-3.671	0.245		-222.256	-103.537	243947.000	33.165	
102.131	212.224	0.536	-3.957	0.851		-261.280	-127.561	244023.000	33.212	
108.172	190.674	0.233	-3.772	1.238		-248.720	-135.427	244100.000	33.212	
117.902	212.418	1.263	-3.755	1.988		-60.976	25.854	244176.000	33.259	
120.632	202.094	0.921	-3.831	2.269		157.073	-73.720	244250.000	33.259	
127.659	190.588	0.433	-2.999	2.314		52.378	58.902	244326.000	33.306	
122.566	214.512	1.272	-2.897	1.851		-46.768	8.476	244399.000	33.212	
124.628	210.284	1.104	-2.736	1.890		111.890	-51.159	244471.000	33.212	
129.543	200.397	0.846	-2.755	2.274		-13.171	-32.744	244546.000	33.259	
136.344	203.601	1.200	-2.621	2.747		37.744	-84.085	244621.000	33.259	
138.215	202.446	1.244	-2.691	3.012		1.341	-107.012	244695.000	33.306	
140.887	195.438	0.858	-2.527	3.108		-29.268	-160.305	244768.000	33.259	
139.780	205.064	1.278	-2.312	2.733		-31.341	-128.902	244844.000	33.212	
140.706	198.053	0.688	-1.729	2.112		31.768	-51.098	244921.000	33.259	
153.514	197.703	0.728	-1.136	2.279		-201.646	-55.061	244995.000	33.353	
151.226	202.346	1.131	-1.511	2.751		-301.585	-141.098	245070.000	33.212	
151.034	204.251	1.426	-1.752	3.165		-109.817	-110.000	245147.000	33.259	
152.207	195.947	1.005	-1.854	3.517		-81.098	-114.939	245224.000	33.259	
156.102	192.863	0.901	-1.749	3.947		-156.707	-12.622	245300.000	33.212	
141.995	196.298	0.925	-2.472	3.163		-68.171	-27.988	245376.000	33.259	
147.432	195.257	0.843	-1.974	3.090		-133.780	-23.720	245450.000	33.212	
141.441	195.733	0.803	-2.271	2.850		-39.146	-31.402	245527.000	33.259	
136.525	193.159	0.634	-2.570	2.711		-0.305	-18.902	245602.000	33.259	
136.911	192.202	0.572	-2.476	2.646		-68.841	-2.683	245676.000	33.259	
135.565	196.154	0.738	-2.499	2.549		-40.915	28.110	245749.000	33.212	
131.724	195.189	0.657	-2.715	2.421		13.293	6.829	245823.000	33.259	
130.908	197.086	0.705	-2.647	2.294		94.207	25.427	245895.000	33.212	
127.356	192.545	0.504	-2.967	2.265		67.988	71.524	245967.000	33.212	
126.339	196.877	0.683	-3.059	2.250		-52.683	62.012	246040.000	33.259	
123.385	197.723	0.636	-3.019	1.989		-8.537	85.183	246114.000	33.165	
116.586	196.502	0.486	-3.280	1.642		18.171	114.451	246188.000	33.259	
112.561	200.419	0.566	-3.662	1.521		67.866	72.988	246261.000	33.259	
108.405	199.307	0.456	-3.912	1.302		83.963	80.793	246334.000	33.259	
102.020	212.625	0.511	-3.747	0.798		152.500	77.866	246407.000	33.306	
102.233	204.662	0.346	-3.473	0.753		369.573	140.610	246480.000	33.212	
105.798	190.246	0.182	-3.552	1.005		245.976	59.695	246555.000	33.353	
99.081	226.303	0.637	-3.807	0.608		118.720	47.744	246629.000	33.165	
99.359	216.038	0.451	-3.763	0.620		156.890	7.988	246702.000	33.259	
98.319	215.811	0.390	-3.693	0.540		-39.695	-13.110	246773.000	33.259	
97.512	208.307	0.272	-3.836	0.506		-249.390	15.732	246847.000	33.259	
98.553	210.352	0.341	-3.870	0.582		-394.390	45.061	246922.000	33.212	
98.672	222.034	0.536	-3.899	0.595		-355.976	75.732	246995.000	33.306	
96.653	235.541	0.666	-3.918	0.457		-141.829	57.012	247069.000	33.353	
97.261	228.738	0.573	-3.947	0.503		54.756	-9.451	247143.000	33.259	
97.371	218.660	0.402	-3.888	0.503		252.256	-29.085	247215.000	33.259	
96.976	214.145	0.325	-3.919	0.479		342.439	-31.707	247288.000	33.259	
96.908	212.548	0.300	-3.877	0.470		330.976	-27.866	247362.000	33.259	
96.016	225.893	0.445	-4.096	0.432		340.305	-30.915	247436.000	33.212	
94.738	233.791	0.438	-3.864	0.320		371.280	-10.366	247510.000	33.306	
94.481	230.979	0.376	-3.888	0.305		388.902	23.171	247584.000	33.259	
93.436	236.665	0.365	-4.001	0.240		352.805	35.976	247657.000	33.259	
93.387	230.528	0.282	-3.928	0.232		267.195	53.720	247730.000	33.259	
94.624	223.845	0.309	-3.973	0.321		144.207	8.780	247802.000	33.259	
93.463	248.636	0.597	-3.857	0.233		66.280	-23.720	247874.000	33.165	
94.923	242.311	0.631	-3.844	0.331		60.366	-47.256	247947.000	33.165	
93.760	249.381	0.683	-3.908	0.257		64.573	-80.854	248019.000	33.259	
94.043	247.261	0.664	-3.938	0.278		91.768	-44.085	248092.000	33.353	
94.750	247.061	0.757	-3.854	0.320		97.256	-30.549	248165.000	33.353	
95.024	246.573	0.769	-3.788	0.333		62.500	-20.732	248238.000	33.259	
96.763	240.636	0.811	-3.846	0.456		16.341	-26.098	248310.000	33.165	
95.857	245.057	0.867	-3.932	0.403		0.427	-29.512	248384.000	33.259	
94.812	248.362	0.827	-3.897	0.328		8.415	7.683	248456.000	33.259	
93.409	252.525	0.738	-3.901	0.232		15.793	28.293	248525.000	33.118	
94.060	247.151	0.658	-3.907	0.277		-44.268	51.768	248597.000	33.212	
94.808	247.935	0.805	-3.878	0.326		-181.707	42.927	248670.000	33.212	
93.345	255.192	0.850	-3.843	0.225		-145.061	46.768	248743.000	33.259	
93.145	255.729	0.841	-3.893	0.214		-89.878	48.841	248817.000	33.259	
93.502	250.404	0.675	-3.926	0.240		-103.476	60.671	248890.000	33.259	
91.835	259.242	0.684	-4.054	0.130		-87.317	63.902	248964.000	33.306	
92.497	252.130	0.536	-3.964	0.173		-62.439	66.220	249036.000	33.306	
91.588	257.521	0.477	-3.804	0.105		-38.720	42.012	249109.000	33.212	
91.517	257.294	0.468	-3.981	0.105		-36.220	0.000	249183.000	33.259	
90.141	268.359	0.341	-3.970	0.010		-55.488	2.012	249254.000	33.212	
91.195	254.505	0.296	-3.933	0.082		-75.915	24.878	249326.000	33.259	
90.100	268.685	0.298	-3.907	0.007		-89.329	49.756	249399.000	33.165	
88.552	287.492	0.322	-4.018	-0.102		-112.439	42.439	249472.000	33.165	
87.480	300.936	0.300	-4.083	-0.180		-107.744	37.134	249546.000	33.306	
87.728	295.463	0.328	-3.938	-0.156		-98.720	20.305	249621.000	33.259	
88.726	284.953	0.329	-3.953	-0.088		-50.854	24.207	249695.000	33.259	
86.921	309.510	0.262	-4.012	-0.216		-54.268	8.659	249768.000	33.306	
87.632	304.222	0.241	-3.968	-0.164		-59.756	-7.256	249841.000	33.212	
88.603	290.118	0.267	-4.005	-0.098		-29.329	-10.488	249916.000	33.306	
87.296	303.194	0.288	-3.991	-0.188		-6.524	-9.024	249991.000	33.259	
88.069	295.220	0.286	-3.998	-0.135		-30.610	-5.976	250063.000	33.259	
88.040	294.933	0.292	-3.966	-0.136		-26.463	19.024	250137.000	33.306	
89.051	286.866	0.216	-3.948	-0.065		-43.841	9.512	250211.000	33.212	
88.477	293.011	0.253	-4.041	-0.107		-29.939	21.402	250284.000	33.306	
90.141	267.879	0.264	-3.960	0.010		-6.524	12.134	250357.000	33.212	
87.998	294.528	0.302	-3.938	-0.138		11.280	7.439	250429.000	33.212	
87.300	305.358	0.266	-3.997	-0.188		34.024	1.220	250501.000	33.306	
88.502	291.220	0.267	-3.958	-0.104		32.866	4.085	250572.000	33.306	
88.963	285.113	0.268	-3.992	-0.072		22.622	9.329	250645.000	33.165	
88.864	285.686	0.285	-4.039	-0.080		11.646	1.585	250717.000	33.259	
89.180	281.994	0.267	-3.955	-0.057		1.829	-10.305	250788.000	33.259	
88.662	282.984	0.402	-3.972	-0.093		27.439	1.220	250861.000	33.353	
88.148	288.612	0.380	-3.956	-0.128		54.573	17.012	250933.000	33.165	
89.031	283.749	0.275	-3.983	-0.067		72.012	20.915	251005.000	33.165	
89.559	276.799	0.254	-3.938	-0.030		56.646	10.915	251078.000	33.259	
88.879	284.381	0.305	-3.993	-0.078		68.293	19.451	251151.000	33.259	
89.280	282.717	0.221	-3.962	-0.050		68.598	37.195	251224.000	33.259	
89.335	284.470	0.182	-4.039	-0.047		30.244	42.927	251296.000	33.259	
90.085	267.274	0.123	-3.973	0.006		0.244	20.488	251369.000	33.259	
89.091	289.733	0.180	-4.063	-0.064		-44.024	-12.988	251440.000	33.165	
88.349	300.706	0.192	-3.965	-0.114		-38.963	-17.744	251515.000	33.212	
87.334	305.436	0.261	-3.985	-0.186		-47.805	-20.732	251590.000	33.212	
88.072	295.595	0.279	-3.974	-0.134		-27.744	-17.622	251665.000	33.259	
87.182	304.401	0.288	-4.008	-0.197		-11.646	-14.451	251740.000	33.353	
86.981	311.708	0.233	-3.944	-0.208		-0.366	-17.500	251814.000	33.165	
86.647	306.784	0.313	-4.000	-0.234		-12.439	-11.159	251888.000	33.259	
87.903	296.798	0.288	-3.975	-0.146		15.854	20.854	251963.000	33.212	
87.757	311.341	0.179	-4.014	-0.157		10.732	5.183	252036.000	33.212	
87.196	317.066	0.183	-4.008	-0.196		-27.012	-16.707	252107.000	33.259	
86.677	308.801	0.289	-4.003	-0.232		-31.220	-24.024	252183.000	33.306	
87.391	303.879	0.273	-4.028	-0.184		-45.183	-14.817	252258.000	33.259	
86.740	302.727	0.353	-3.978	-0.227		-43.537	-22.073	252333.000	33.212	
86.094	318.698	0.240	-4.005	-0.273		-35.000	-11.341	252407.000	33.212	
86.477	300.784	0.413	-3.997	-0.246		-20.549	-1.402	252482.000	33.259	
88.105	288.914	0.385	-3.984	-0.132		23.110	3.598	252556.000	33.259	
88.290	291.769	0.301	-4.023	-0.120		22.988	-0.305	252627.000	33.259	
87.651	296.772	0.323	-3.976	-0.163		17.134	-6.646	252700.000	33.259	
87.335	299.526	0.331	-4.028	-0.188		8.659	-0.854	252773.000	33.165	
88.100	293.911	0.302	-4.032	-0.134		-30.488	6.951	252846.000	33.259	
87.866	296.341	0.300	-3.983	-0.148		-40.488	4.024	252918.000	33.259	
89.076	280.769	0.339	-3.994	-0.064		-45.732	-29.451	252991.000	33.259	
87.606	329.701	0.095	-3.877	-0.162		149.634	68.049	253066.000	33.212	
87.610	304.109	0.245	-3.978	-0.166		61.037	44.878	253139.000	33.212	
87.468	296.689	0.359	-4.086	-0.181		3.171	10.488	253212.000	33.353	
88.014	288.986	0.395	-3.914	-0.136		-31.707	-5.610	253284.000	33.306	
88.462	285.012	0.390	-3.893	-0.104		-1.646	3.293	253358.000	33.259	
88.035	294.430	0.310	-4.099	-0.141		25.793	57.195	253429.000	33.259	
87.840	296.565	0.299	-3.962	-0.149		4.207	4.512	253502.000	33.259	
88.317	289.179	0.337	-3.988	-0.117		5.488	0.671	253574.000	33.306	
86.998	303.048	0.324	-4.022	-0.211		43.415	-18.232	253644.000	33.306	
89.639	275.578	0.250	-3.875	-0.024		-5.427	-9.695	253718.000	33.212	
87.757	292.942	0.369	-3.989	-0.156		4.146	-1.037	253791.000	33.306	
87.731	293.572	0.360	-3.968	-0.157		20.122	-2.805	253862.000	33.212	
87.953	293.866	0.322	-3.989	-0.143		8.476	1.890	253935.000	33.306	
87.949	291.666	0.356	-3.953	-0.142		13.354	-0.732	254006.000	33.259	
87.702	294.372	0.354	-3.990	-0.160		13.049	3.537	254078.000	33.353	
88.158	292.736	0.308	-4.008	-0.129		-2.622	-2.317	254150.000	33.165	
87.291	296.210	0.379	-3.942	-0.187		3.659	-0.793	254223.000	33.165	
87.958	294.141	0.320	-4.025	-0.144		-1.402	-7.805	254295.000	33.353	
88.198	289.367	0.358	-4.005	-0.126		-11.890	-9.390	254367.000	33.259	
87.784	293.124	0.361	-3.988	-0.154		-13.476	0.366	254442.000	33.306	
88.333	287.134	0.377	-3.994	-0.116		-11.280	4.268	254515.000	33.212	
88.442	285.965	0.379	-3.985	-0.108		1.646	6.768	254587.000	33.259	
88.431	286.841	0.361	-3.994	-0.109		-1.768	-2.195	254658.000	33.259	
87.966	292.017	0.357	-4.070	-0.145		8.171	11.768	254731.000	33.165	
88.076	289.316	0.379	-3.954	-0.133		0.183	11.220	254802.000	33.259	
88.341	290.183	0.313	-3.979	-0.115		-5.244	14.329	254874.000	33.259	
88.004	289.645	0.386	-3.950	-0.138		0.793	13.476	254947.000	33.259	
87.253	299.962	0.332	-3.989	-0.191		7.073	4.390	255019.000	33.259	
87.884	291.828	0.368	-3.990	-0.147		-1.463	7.927	255089.000	33.212	
87.290	303.873	0.282	-4.002	-0.189		-12.622	10.366	255161.000	33.118	
87.388	294.658	0.394	-3.961	-0.181		-9.085	32.256	255235.000	33.400	
88.378	288.336	0.339	-3.966	-0.112		2.073	22.256	255308.000	33.212	
87.991	293.849	0.320	-4.037	-0.142		6.159	-25.061	255380.000	33.212	
87.658	295.765	0.338	-3.988	-0.163		-6.829	-13.720	255453.000	33.118	
87.151	299.523	0.354	-4.023	-0.200		-8.232	-10.976	255526.000	33.259	
87.626	295.838	0.341	-3.981	-0.165		-11.951	-4.207	255600.000	33.259	
87.879	294.328	0.326	-3.982	-0.147		-13.598	3.171	255674.000	33.400	
87.388	297.263	0.351	-3.960	-0.181		-6.463	-0.366	255747.000	33.165	
88.323	288.340	0.354	-4.003	-0.117		5.976	1.402	255819.000	33.212	
87.838	293.932	0.339	-3.984	-0.150		11.037	-0.671	255890.000	33.353	
86.940	303.854	0.314	-3.945	-0.211		16.768	-2.073	255963.000	33.165	
87.458	301.274	0.291	-3.981	-0.177		3.537	-11.524	256036.000	33.259	
87.298	298.407	0.347	-3.973	-0.188		-0.183	-4.451	256109.000	33.165	
87.464	294.887	0.379	-3.969	-0.176		-8.171	-6.402	256182.000	33.212	
88.009	290.924	0.365	-4.017	-0.140		-14.207	1.220	256254.000	33.306	
87.874	291.828	0.358	-3.866	-0.144		-12.317	-34.756	256327.000	33.259	
87.080	298.568	0.373	-3.982	-0.203		-3.841	-4.207	256402.000	33.212	
87.719	295.089	0.338	-3.972	-0.158		-8.780	-4.024	256475.000	33.165	
87.016	296.839	0.407	-3.953	-0.206		7.256	3.537	256547.000	33.259	
87.809	292.993	0.361	-4.008	-0.153		2.073	-3.780	256618.000	33.212	
88.071	290.835	0.352	-3.973	-0.134		-7.439	0.366	256690.000	33.306	
87.485	292.744	0.417	-3.979	-0.175		0.671	9.939	256761.000	33.212	
87.345	293.595	0.425	-4.001	-0.186		16.768	13.476	256832.000	33.259	
87.825	294.535	0.325	-3.909	-0.148		5.366	-6.707	256906.000	33.353	
87.843	297.782	0.291	-4.071	-0.153		12.927	23.659	256977.000	33.165	
86.961	299.844	0.364	-3.937	-0.209		-1.768	7.561	257050.000	33.353	
88.770	282.747	0.380	-4.001	-0.086		0.061	5.854	257122.000	33.165	
88.843	284.036	0.324	-4.012	-0.081		10.061	7.622	257192.000	33.212	
87.745	292.075	0.388	-3.992	-0.157		-9.146	-2.683	257264.000	33.118	
87.695	295.044	0.343	-3.979	-0.160		1.159	-2.805	257337.000	33.306	
87.469	294.543	0.383	-3.954	-0.175		0.793	8.659	257409.000	33.165	
87.142	300.379	0.340	-3.990	-0.199		4.390	3.354	257479.000	33.259	
87.581	297.672	0.320	-3.977	-0.168		-9.817	-2.317	257550.000	33.259	
87.536	297.780	0.328	-4.018	-0.173		-3.232	5.549	257623.000	33.259	
87.311	298.098	0.346	-3.930	-0.185		-1.951	-5.549	257694.000	33.165	
87.387	300.245	0.312	-3.979	-0.182		-3.232	1.463	257768.000	33.259	
87.359	297.124	0.358	-3.979	-0.184		-1.524	3.110	257840.000	33.212	
87.592	295.476	0.353	-3.994	-0.168		8.110	2.500	257911.000	33.306	
88.055	293.860	0.305	-3.969	-0.135		-4.329	-3.049	257982.000	33.306	
87.876	293.699	0.336	-3.977	-0.147		1.646	2.927	258055.000	33.306	
87.744	294.095	0.352	-3.991	-0.157		6.098	-4.878	258125.000	33.259	
88.146	291.506	0.327	-3.981	-0.129		-4.024	-8.354	258197.000	33.259	
88.003	291.183	0.360	-4.005	-0.140		6.098	2.622	258270.000	33.259	
87.813	293.048	0.360	-4.016	-0.153		-2.195	4.878	258340.000	33.259	
88.573	284.765	0.378	-3.999	-0.100		-8.049	3.720	258412.000	33.212	
88.222	288.897	0.362	-3.996	-0.124		1.280	6.098	258484.000	33.306	
88.455	286.858	0.354	-3.983	-0.107		2.622	5.122	258554.000	33.212	
88.211	289.765	0.351	-4.032	-0.126		6.707	7.866	258625.000	33.259	
88.550	285.924	0.353	-3.973	-0.101		5.488	11.463	258696.000	33.259	
88.738	283.366	0.374	-4.034	-0.089		-2.012	-7.317	258768.000	33.212	
88.336	291.407	0.294	-3.968	-0.115		3.659	-3.902	258841.000	33.212	
88.652	285.422	0.340	-3.984	-0.094		18.232	-5.793	258913.000	33.212	
88.382	287.578	0.354	-3.977	-0.112		2.500	-1.524	258985.000	33.306	
88.839	282.480	0.366	-4.001	-0.081		-4.756	-4.756	259057.000	33.212	
88.376	288.146	0.349	-4.030	-0.114		-2.805	5.549	259130.000	33.212	
88.665	285.227	0.341	-3.979	-0.093		-0.305	4.390	259202.000	33.212	
88.401	288.898	0.325	-3.988	-0.111		3.963	0.976	259273.000	33.212	
88.078	289.922	0.369	-3.986	-0.134		1.402	-0.915	259344.000	33.259	
88.657	283.827	0.377	-3.958	-0.093		-1.280	-2.866	259416.000	33.259	
88.293	287.164	0.386	-3.997	-0.119		-7.378	-0.366	259488.000	33.353	
88.113	289.673	0.363	-3.941	-0.130		-3.780	-5.244	259561.000	33.165	
87.902	290.698	0.388	-3.999	-0.146		5.122	6.707	259635.000	33.259	
87.935	290.750	0.379	-3.980	-0.144		1.768	-2.439	259705.000	33.165	
88.061	289.570	0.382	-4.010	-0.136		8.963	7.195	259777.000	33.212	
88.240	287.644	0.384	-3.973	-0.122		11.829	6.098	259848.000	33.212	
88.326	287.834	0.364	-4.009	-0.117		5.427	5.610	259919.000	33.306	
88.165	290.792	0.337	-3.994	-0.128		4.878	4.817	259990.000	33.259	
87.933	292.747	0.345	-4.004	-0.145		1.341	8.720	260061.000	33.259	
87.856	291.571	0.378	-3.990	-0.149		-8.659	8.902	260131.000	33.306	
88.405	287.610	0.348	-3.962	-0.110		0.488	0.183	260203.000	33.259	
87.459	296.883	0.351	-4.005	-0.178		3.415	5.122	260274.000	33.259	
87.933	294.832	0.314	-4.032	-0.146		-1.890	-1.646	260344.000	33.259	
87.880	290.988	0.382	-3.958	-0.146		-0.793	-18.476	260417.000	33.259	
86.980	296.149	0.432	-4.017	-0.212		49.390	3.293	260491.000	33.259	
87.060	294.823	0.443	-3.993	-0.205		69.451	23.476	260563.000	33.259	
86.821	298.399	0.408	-3.974	-0.221		81.829	34.207	260636.000	33.165	
87.368	300.750	0.309	-3.993	-0.184		102.744	26.402	260709.000	33.165	
87.480	296.694	0.346	-3.949	-0.174		110.671	25.732	260783.000	33.259	
87.345	300.311	0.317	-4.002	-0.186		104.207	28.415	260856.000	33.212	
87.284	304.106	0.278	-3.973	-0.188		79.146	27.561	260930.000	33.212	
87.601	305.855	0.232	-4.010	-0.168		56.341	29.329	261003.000	33.212	
87.912	308.623	0.185	-4.044	-0.147		6.768	16.646	261075.000	33.212	
86.973	310.845	0.245	-4.007	-0.212		-19.756	21.707	261147.000	33.212	
86.964	304.142	0.313	-3.995	-0.212		-61.220	6.951	261221.000	33.259	
86.761	310.566	0.265	-4.003	-0.227		-55.854	0.366	261295.000	33.259	
87.385	297.520	0.349	-3.978	-0.182		-11.098	-4.573	261367.000	33.353	
87.063	301.134	0.338	-3.979	-0.204		42.073	33.232	261441.000	33.353	
87.989	305.141	0.201	-4.032	-0.142		37.927	73.476	261514.000	33.259	
86.197	334.387	0.125	-3.923	-0.261		-5.427	40.122	261586.000	33.259	
87.641	10.159	-0.030	-4.102	-0.169		-85.671	1.768	261659.000	33.212	
87.699	309.040	0.196	-3.961	-0.159		-93.232	-11.951	261732.000	33.259	
88.421	299.466	0.195	-4.002	-0.110		-47.378	-15.305	261807.000	33.212	
87.623	305.538	0.232	-3.999	-0.166		-44.634	-32.561	261881.000	33.165	
87.701	305.774	0.224	-4.014	-0.161		-11.220	-25.549	261956.000	33.212	
87.533	309.491	0.211	-4.034	-0.174		0.305	-23.598	262032.000	33.212	
87.757	300.995	0.262	-4.014	-0.157		14.878	-12.378	262105.000	33.165	
88.451	298.690	0.196	-3.973	-0.107		23.598	-11.159	262178.000	33.165	
87.364	301.954	0.296	-4.009	-0.185		19.024	-1.220	262252.000	33.165	
87.529	302.431	0.271	-3.982	-0.172		0.915	-4.451	262325.000	33.165	
87.643	302.179	0.261	-3.985	-0.164		6.159	-0.061	262396.000	33.165	
87.341	304.641	0.269	-3.995	-0.186		4.939	-5.183	262468.000	33.259	
87.147	305.632	0.279	-4.018	-0.200		1.280	5.061	262540.000	33.259	
87.337	308.398	0.235	-4.010	-0.187		4.390	3.354	262610.000	33.212	
86.639	300.627	0.393	-3.958	-0.232		22.500	-0.061	262681.000	33.165	
86.846	308.219	0.280	-4.005	-0.221		-9.512	26.646	262754.000	33.118	
89.607	273.683	0.425	-3.983	-0.027		19.390	14.329	262828.000	33.306	
87.305	303.736	0.282	-4.004	-0.188		-2.012	9.085	262900.000	33.212	
87.146	305.690	0.277	-3.996	-0.199		-39.512	-7.500	262972.000	33.259	
87.334	301.804	0.301	-4.006	-0.187		-22.744	-1.829	263046.000	33.212	
85.987	309.675	0.338	-3.995	-0.280		-5.732	1.220	263119.000	33.259	
87.045	316.937	0.195	-4.049	-0.209		11.402	8.720	263191.000	33.212	
86.621	317.597	0.216	-4.003	-0.236		-46.037	-4.939	263263.000	33.212	
85.252	314.671	0.342	-4.068	-0.338		-24.634	-35.000	263336.000	33.118	
83.439	320.170	0.378	-3.939	-0.453		-11.890	-26.098	263411.000	33.259	
83.573	319.399	0.369	-3.823	-0.431		74.207	-4.756	263486.000	33.212	
86.020	324.444	0.203	-4.084	-0.284		7.500	17.134	263560.000	33.306	
84.744	317.996	0.327	-3.949	-0.363		-19.939	23.476	263631.000	33.259	
84.698	314.556	0.381	-4.041	-0.375		-0.610	19.573	263705.000	33.212	
85.661	310.614	0.356	-4.028	-0.306		0.183	30.915	263778.000	33.212	
86.187	313.860	0.275	-3.971	-0.265		24.512	23.720	263849.000	33.306	
85.700	326.096	0.202	-4.000	-0.301		29.756	7.744	263922.000	33.306	
86.060	340.244	0.100	-4.026	-0.277		-10.854	-7.073	263994.000	33.306	
84.064	316.394	0.392	-3.954	-0.411		-39.756	5.244	264068.000	33.212	
85.408	318.519	0.283	-3.988	-0.320		-24.817	5.671	264140.000	33.212	
85.826	321.459	0.229	-3.947	-0.288		4.573	7.317	264213.000	33.259	
86.730	332.865	0.120	-4.102	-0.234		-17.073	-14.939	264284.000	33.118	
85.443	318.725	0.273	-3.908	-0.312		-13.171	0.427	264359.000	33.259	
86.134	315.415	0.268	-4.018	-0.271		-14.024	-9.878	264432.000	33.259	
85.648	317.481	0.280	-4.017	-0.306		2.561	-11.037	264506.000	33.165	
86.040	312.346	0.309	-4.063	-0.281		9.573	6.037	264579.000	33.165	
85.440	324.844	0.226	-4.017	-0.320		33.354	-8.110	264649.000	33.259	
85.372	321.446	0.257	-3.981	-0.322		5.915	7.683	264722.000	33.165	
85.354	311.464	0.369	-4.014	-0.326		19.268	8.293	264793.000	33.306	
85.899	319.772	0.241	-3.978	-0.285		4.085	8.963	264864.000	33.306	
86.303	311.741	0.290	-4.005	-0.259		0.366	3.293	264935.000	33.165	
86.030	315.303	0.275	-4.011	-0.278		10.427	5.549	265006.000	33.259	
85.744	319.772	0.252	-4.002	-0.298		-13.780	-0.976	265077.000	33.259	
86.002	315.503	0.275	-4.010	-0.280		-29.146	3.598	265151.000	33.259	
86.014	311.535	0.316	-4.022	-0.280		-31.890	-3.841	265225.000	33.259	
85.689	311.603	0.340	-4.003	-0.302		-14.146	7.134	265298.000	33.306	
85.499	321.646	0.248	-3.982	-0.313		-7.744	1.341	265371.000	33.259	
85.415	318.863	0.283	-4.043	-0.324		-12.805	-3.598	265443.000	33.353	
85.707	316.730	0.282	-3.994	-0.300		-6.524	3.293	265517.000	33.118	
84.910	317.468	0.325	-3.979	-0.354		4.329	-0.610	265588.000	33.212	
85.568	321.035	0.252	-4.020	-0.312		17.866	5.366	265660.000	33.259	
85.476	316.741	0.296	-3.975	-0.314		28.049	12.805	265732.000	33.259	
86.489	316.278	0.235	-4.011	-0.246		14.939	5.122	265804.000	33.165	
86.225	316.756	0.247	-3.981	-0.263		4.695	6.707	265876.000	33.259	
85.897	314.515	0.291	-3.989	-0.286		-16.829	-4.695	265947.000	33.259	
85.927	314.804	0.287	-4.005	-0.285		-10.244	4.939	266021.000	33.353	
85.976	317.687	0.258	-4.025	-0.283		-9.329	-0.183	266094.000	33.165	
85.580	315.458	0.303	-3.979	-0.308		-21.159	-7.805	266167.000	33.165	
85.757	316.355	0.282	-3.988	-0.296		-3.171	-9.085	266241.000	33.259	
85.378	327.685	0.205	-4.011	-0.324		-2.683	-16.829	266313.000	33.212	
85.914	312.194	0.313	-3.979	-0.284		-20.244	-6.402	266387.000	33.212	
85.197	312.531	0.366	-3.998	-0.336		-22.195	-3.049	266461.000	33.306	
85.360	311.893	0.360	-3.982	-0.323		2.988	13.598	266534.000	33.259	
86.079	314.199	0.283	-4.018	-0.275		15.183	2.927	266606.000	33.165	
85.698	313.112	0.321	-3.998	-0.301		28.293	5.732	266678.000	33.306	
85.960	319.268	0.242	-3.982	-0.281		22.439	7.378	266749.000	33.212	
85.404	318.901	0.280	-3.997	-0.321		4.329	5.671	266822.000	33.118	
86.092	314.594	0.277	-4.003	-0.273		-0.366	2.866	266893.000	33.353	
85.595	316.406	0.291	-3.968	-0.306		-6.037	6.341	266964.000	33.165	
86.081	310.833	0.316	-3.991	-0.273		-5.427	2.988	267036.000	33.259	
86.147	317.490	0.247	-4.002	-0.270		2.378	-5.366	267108.000	33.259	
85.542	312.168	0.342	-3.971	-0.310		-5.549	-5.488	267180.000	33.306	
85.631	317.015	0.281	-3.949	-0.302		-5.671	-8.049	267252.000	33.165	
85.771	308.828	0.365	-3.976	-0.294		-10.854	-4.207	267325.000	33.259	
86.473	309.750	0.296	-3.993	-0.246		17.317	-4.878	267399.000	33.259	
85.690	315.949	0.290	-3.978	-0.300		13.293	-5.915	267471.000	33.259	
86.323	312.430	0.284	-4.042	-0.260		-6.951	-2.195	267544.000	33.259	
85.642	312.859	0.325	-3.960	-0.302		-8.354	16.463	267618.000	33.259	
85.889	314.519	0.293	-4.008	-0.288		-15.000	14.024	267691.000	33.165	
86.517	303.374	0.369	-3.995	-0.243		2.866	22.927	267764.000	33.306	
86.552	310.228	0.285	-4.004	-0.241		22.378	1.585	267836.000	33.212	
86.644	315.598	0.231	-4.030	-0.236		15.305	-10.488	267908.000	33.259	
86.352	308.853	0.316	-3.998	-0.255		4.695	2.988	267981.000	33.259	
86.044	314.698	0.279	-3.996	-0.276		-15.732	-3.293	268052.000	33.259	
85.763	316.161	0.283	-3.980	-0.295		-20.732	7.012	268126.000	33.212	
86.458	305.630	0.345	-3.991	-0.247		-10.976	5.305	268198.000	33.212	
86.347	318.953	0.224	-4.022	-0.257		-9.939	0.244	268271.000	33.259	
85.635	311.705	0.341	-3.979	-0.304		-4.695	-6.220	268343.000	33.212	
86.457	316.132	0.242	-4.069	-0.252		-12.988	-8.537	268417.000	33.212	
86.500	304.872	0.345	-3.928	-0.240		-20.793	4.817	268490.000	33.212	
86.381	302.994	0.393	-4.030	-0.255		9.451	4.329	268563.000	33.306	
84.931	317.461	0.326	-4.008	-0.355		37.378	13.720	268634.000	33.306	
87.243	312.920	0.209	-4.035	-0.194		27.256	9.756	268706.000	33.306	
86.166	310.872	0.305	-3.935	-0.264		2.622	7.927	268778.000	33.165	
85.249	319.578	0.286	-4.042	-0.336		18.537	26.037	268849.000	33.259	
85.911	317.980	0.258	-4.003	-0.286		-4.268	12.195	268921.000	33.259	
86.098	327.740	0.174	-4.037	-0.275		-10.061	-6.951	268994.000	33.259	
85.383	312.439	0.354	-4.003	-0.323		-9.024	4.390	269068.000	33.212	
85.835	324.281	0.210	-4.010	-0.292		1.098	-3.049	269139.000	33.259	
85.452	320.090	0.265	-3.978	-0.316		-14.451	-7.744	269211.000	33.259	
85.638	316.219	0.292	-3.994	-0.305		-5.732	-6.280	269286.000	33.165	
85.484	321.646	0.248	-3.969	-0.313		-2.988	4.207	269359.000	33.306	
85.469	317.101	0.295	-4.005	-0.317		-2.744	-9.329	269430.000	33.165	
85.003	318.147	0.311	-3.965	-0.347		-1.707	-5.305	269503.000	33.165	
85.212	315.676	0.327	-3.999	-0.335		5.244	-0.610	269576.000	33.259	
84.562	327.968	0.238	-4.001	-0.381		-4.207	0.732	269647.000	33.165	
85.067	316.251	0.328	-3.972	-0.343		-4.634	4.878	269719.000	33.165	
85.307	319.779	0.278	-4.009	-0.329		-3.171	-6.220	269791.000	33.259	
85.147	317.867	0.306	-3.979	-0.338		-10.671	-4.756	269863.000	33.259	
85.779	309.620	0.357	-4.009	-0.296		-0.488	-8.293	269937.000	33.259	
85.812	312.196	0.324	-4.015	-0.294		1.402	0.854	270010.000	33.165	
86.011	308.115	0.354	-3.978	-0.277		16.890	5.244	270082.000	33.259	
86.003	312.886	0.302	-4.011	-0.280		12.805	-5.427	270153.000	33.259	
85.548	310.426	0.369	-4.039	-0.314		-2.744	2.805	270226.000	33.259	
85.239	317.083	0.311	-4.010	-0.334		9.695	3.598	270298.000	33.259	
85.866	311.997	0.323	-4.026	-0.291		-8.171	0.305	270368.000	33.212	
85.931	314.407	0.286	-3.939	-0.280		-7.195	2.744	270440.000	33.212	
85.968	317.687	0.258	-4.018	-0.283		-3.354	2.866	270512.000	33.165	
85.483	316.366	0.300	-3.980	-0.314		-15.061	-1.341	270583.000	33.353	
85.556	307.456	0.409	-4.033	-0.313		-2.317	13.415	270657.000	33.212	
85.169	312.697	0.366	-3.998	-0.338		15.549	10.305	270730.000	33.306	
86.499	315.935	0.235	-3.975	-0.243		10.305	-3.659	270802.000	33.259	
86.481	312.482	0.267	-3.970	-0.244		21.646	-3.598	270875.000	33.212	
84.597	330.416	0.213	-3.965	-0.375		5.732	17.683	270949.000	33.212	
84.214	311.946	0.453	-4.019	-0.407		-41.280	7.317	271021.000	33.118	
86.443	308.308	0.312	-3.959	-0.246		-15.671	11.402	271093.000	33.212	
85.883	304.938	0.418	-4.057	-0.292		7.622	5.427	271167.000	33.212	
85.167	321.197	0.269	-3.950	-0.334		28.415	7.012	271238.000	33.212	
85.319	317.871	0.296	-3.995	-0.327		-8.293	-4.695	271309.000	33.212	
85.344	315.697	0.317	-3.993	-0.325		-2.195	13.659	271382.000	33.259	
85.363	312.848	0.351	-4.010	-0.325		-15.366	6.585	271455.000	33.212	
85.257	319.314	0.281	-3.943	-0.327		-12.866	-3.537	271527.000	33.212	
85.891	315.589	0.282	-4.010	-0.288		-6.951	0.244	271601.000	33.212	
85.511	314.380	0.319	-3.980	-0.313		-7.866	10.122	271673.000	33.212	
85.600	319.699	0.262	-4.011	-0.309		-22.988	1.585	271747.000	33.212	
85.313	308.493	0.410	-3.979	-0.326		-34.756	2.317	271819.000	33.306	
85.836	316.286	0.276	-3.971	-0.289		32.561	-0.366	271892.000	33.212	
85.041	319.543	0.300	-4.052	-0.352		22.073	14.939	271965.000	33.306	
87.493	302.259	0.257	-3.702	-0.162		20.732	1.341	272037.000	33.306	
85.895	312.074	0.321	-4.041	-0.290		30.976	17.866	272109.000	33.306	
85.843	322.609	0.222	-3.990	-0.290		29.634	4.451	272182.000	33.118	
86.027	314.405	0.285	-4.021	-0.279		0.915	0.549	272253.000	33.306	
85.225	318.293	0.296	-3.975	-0.332		-19.329	5.610	272324.000	33.212	
85.264	309.668	0.400	-4.008	-0.332		-24.329	3.171	272397.000	33.212	
84.820	323.579	0.267	-3.985	-0.361		-1.951	-1.159	272470.000	33.212	
85.359	310.931	0.375	-4.006	-0.325		11.220	0.793	272543.000	33.165	
86.073	311.058	0.311	-3.940	-0.271		8.659	5.244	272615.000	33.118	
84.079	335.208	0.189	-3.955	-0.410		27.073	-18.841	272686.000	33.165	
87.185	325.045	0.141	-4.092	-0.201		-27.805	-7.622	272759.000	33.259	
86.370	297.788	0.471	-3.910	-0.248		-39.146	-14.207	272833.000	33.259	
86.717	303.140	0.354	-4.035	-0.231		5.488	15.244	272908.000	33.259	
87.299	319.254	0.164	-4.037	-0.190		22.439	19.634	272979.000	33.306	
86.341	308.555	0.327	-4.077	-0.261		-3.354	9.390	273052.000	33.212	
86.298	323.727	0.188	-3.970	-0.257		17.378	4.207	273124.000	33.212	
86.088	320.876	0.226	-4.056	-0.277		3.720	-9.085	273196.000	33.212	
86.356	313.827	0.268	-4.033	-0.257		-9.024	-4.207	273267.000	33.212	
86.057	311.611	0.306	-3.938	-0.271		6.220	8.841	273340.000	33.212	
86.741	314.041	0.237	-4.030	-0.229		0.427	5.427	273412.000	33.165	
85.210	314.915	0.329	-3.916	-0.328		-22.561	7.378	273482.000	33.165	
85.671	310.091	0.364	-4.051	-0.307		-18.354	11.890	273555.000	33.259	
86.382	315.785	0.246	-4.000	-0.253		-4.024	6.037	273629.000	33.259	
86.530	309.115	0.298	-3.994	-0.242		-18.354	2.439	273700.000	33.165	
86.112	324.711	0.196	-4.081	-0.277		28.110	-9.634	273773.000	33.165	
86.252	315.986	0.251	-3.965	-0.260		18.354	-5.427	273846.000	33.259	
86.436	309.328	0.313	-4.123	-0.257		12.500	-12.622	273918.000	33.259	
86.726	315.492	0.226	-4.012	-0.229		13.720	7.805	273992.000	33.259	
86.448	313.668	0.258	-3.965	-0.246		3.293	-0.061	274064.000	33.259	
86.634	300.036	0.412	-4.051	-0.238		15.122	-1.341	274136.000	33.259	
86.736	317.972	0.205	-3.989	-0.228		27.256	-1.159	274209.000	33.259	
86.484	319.927	0.207	-4.005	-0.246		-4.146	-13.659	274282.000	33.165	
86.171	304.146	0.395	-3.998	-0.268		-20.427	-4.390	274356.000	33.212	
86.803	306.391	0.301	-3.969	-0.222		-25.549	-2.622	274429.000	33.212	
87.208	297.827	0.368	-3.985	-0.194		-11.037	9.878	274503.000	33.165	
87.356	297.628	0.354	-4.018	-0.186		0.854	6.829	274576.000	33.259	
87.369	300.856	0.306	-3.974	-0.183		11.951	0.366	274647.000	33.118	
88.335	292.879	0.275	-3.999	-0.116		-0.183	-9.817	274718.000	33.212	
87.717	293.977	0.362	-4.042	-0.161		-2.805	-5.549	274791.000	33.212	
89.384	276.764	0.362	-3.994	-0.043		2.073	6.220	274864.000	33.212	
89.381	281.017	0.221	-3.979	-0.043		10.671	-8.780	274934.000	33.212	
88.696	280.500	0.479	-3.905	-0.089		9.146	15.549	275008.000	33.306	
90.258	266.868	0.321	-3.904	0.018		17.622	-14.573	275080.000	33.165	
89.595	276.591	0.245	-4.007	-0.028		-8.598	-5.549	275152.000	33.165	
90.086	269.073	0.362	-3.925	0.006		-9.268	8.415	275225.000	33.306	
89.618	273.759	0.401	-3.956	-0.026		-11.646	13.780	275296.000	33.259	
89.480	275.950	0.347	-3.984	-0.036		-10.427	8.415	275369.000	33.165	
90.932	255.434	0.248	-3.961	0.064		-19.817	4.634	275442.000	33.353	
88.378	285.335	0.413	-4.000	-0.113		-6.220	7.256	275514.000	33.165	
88.483	286.670	0.355	-4.020	-0.106		13.780	-3.902	275586.000	33.259	
89.411	276.747	0.347	-3.989	-0.041		28.598	10.610	275658.000	33.165	
88.516	287.364	0.331	-3.997	-0.104		23.659	-2.256	275731.000	33.259	
88.242	288.572	0.366	-4.009	-0.123		8.537	6.646	275805.000	33.165	
87.735	293.860	0.355	-3.976	-0.157		25.427	7.134	275875.000	33.259	
89.535	276.236	0.295	-3.969	-0.032		14.573	0.549	275947.000	33.165	
88.707	289.556	0.253	-3.981	-0.090		-10.366	-4.878	276019.000	33.306	
88.330	286.939	0.385	-4.020	-0.117		-25.305	-2.378	276092.000	33.259	
88.596	287.819	0.301	-3.945	-0.097		-37.622	-8.171	276166.000	33.165	
88.157	286.785	0.421	-3.945	-0.127		-38.415	-4.512	276240.000	33.306	
88.574	284.913	0.374	-4.000	-0.100		-13.354	6.951	276314.000	33.118	
87.871	289.475	0.417	-3.967	-0.147		6.037	13.963	276386.000	33.306	
87.836	294.055	0.337	-3.979	-0.150		33.720	10.976	276458.000	33.212	
88.507	287.335	0.338	-4.047	-0.105		25.854	25.000	276531.000	33.212	
88.754	288.702	0.251	-3.907	-0.085		28.354	6.524	276604.000	33.212	
87.618	297.039	0.329	-4.037	-0.168		0.915	2.134	276676.000	33.212	
87.072	303.311	0.308	-3.952	-0.202		-3.963	-1.768	276747.000	33.259	
87.184	296.622	0.392	-3.991	-0.196		-0.549	5.061	276819.000	33.259	
87.826	312.060	0.170	-4.039	-0.153		-4.756	-1.280	276891.000	33.259	
87.875	290.231	0.397	-3.947	-0.146		-28.963	-1.768	276964.000	33.259	
87.185	294.784	0.421	-3.952	-0.194		-18.598	-0.671	277038.000	33.118	
86.938	303.934	0.316	-3.979	-0.213		16.341	2.134	277111.000	33.212	
87.842	295.647	0.319	-4.068	-0.153		-6.829	-0.915	277183.000	33.353	
86.181	304.287	0.387	-3.950	-0.264		-13.963	-18.598	277256.000	33.212	
87.000	301.226	0.345	-3.987	-0.209		6.280	-0.427	277330.000	33.165	
87.317	296.684	0.375	-4.022	-0.188		-3.476	-9.817	277403.000	33.212	
86.934	301.917	0.342	-3.975	-0.213		-16.037	2.378	277476.000	33.306	
86.714	305.505	0.320	-3.979	-0.229		-7.073	-1.098	277549.000	33.259	
86.366	312.086	0.282	-4.013	-0.255		-4.634	2.378	277621.000	33.165	
86.553	300.240	0.412	-3.988	-0.240		-5.976	6.098	277693.000	33.118	
86.675	301.724	0.376	-4.000	-0.232		-12.073	-4.268	277765.000	33.212	
85.963	305.933	0.387	-3.972	-0.280		-10.610	-4.512	277838.000	33.165	
87.644	294.896	0.354	-3.987	-0.164		1.524	2.134	277912.000	33.165	
86.554	311.711	0.270	-3.989	-0.240		27.683	-2.317	277983.000	33.212	
86.997	296.459	0.422	-4.002	-0.210		16.280	10.549	278055.000	33.259	
86.661	303.839	0.347	-3.983	-0.232		20.183	0.854	278128.000	33.259	
87.346	308.367	0.234	-4.003	-0.186		23.537	-8.171	278201.000	33.212	
86.811	302.687	0.352	-4.049	-0.226		-4.573	9.207	278274.000	33.212	
86.459	308.173	0.311	-3.945	-0.244		-25.061	0.244	278345.000	33.212	
86.454	302.132	0.396	-4.019	-0.249		-51.463	3.659	278418.000	33.212	
86.527	300.190	0.418	-4.007	-0.243		-34.024	1.402	278491.000	33.212	
87.690	290.054	0.441	-3.994	-0.161		13.780	11.220	278563.000	33.259	
88.086	294.604	0.290	-3.975	-0.133		48.110	-7.317	278636.000	33.165	
85.523	304.893	0.455	-4.054	-0.317		17.622	2.805	278709.000	33.259	
85.927	305.261	0.403	-4.005	-0.285		23.841	1.951	278780.000	33.212	
87.133	303.433	0.302	-3.978	-0.199		14.390	-2.378	278852.000	33.212	
86.491	302.856	0.375	-3.949	-0.242		-5.305	5.915	278925.000	33.212	
87.389	296.204	0.373	-4.026	-0.184		0.915	9.024	278996.000	33.212	
87.253	301.517	0.311	-3.969	-0.190		0.854	6.585	279068.000	33.306	
86.977	299.105	0.379	-3.994	-0.211		4.695	6.098	279139.000	33.259	
86.911	301.430	0.352	-3.981	-0.215		2.866	9.329	279209.000	33.306	
87.068	299.496	0.364	-4.023	-0.206		6.037	9.207	279280.000	33.306	
87.157	299.832	0.346	-3.992	-0.198		5.427	9.085	279351.000	33.259	
86.769	306.781	0.302	-3.996	-0.226		-5.488	7.622	279421.000	33.259	
86.368	303.656	0.380	-3.984	-0.253		-6.829	13.841	279493.000	33.353	
87.023	303.198	0.316	-3.980	-0.207		7.988	5.732	279566.000	33.259	
86.816	315.509	0.218	-3.984	-0.222		-0.366	-0.915	279636.000	33.306	
86.728	300.159	0.392	-3.980	-0.228		-20.915	0.000	279709.000	33.212	
86.450	304.335	0.357	-3.936	-0.244		-6.098	-2.256	279782.000	33.212	
86.455	311.326	0.283	-4.020	-0.249		-13.720	-3.659	279855.000	33.212	
86.888	299.227	0.386	-3.970	-0.216		-7.378	-0.915	279928.000	33.165	
87.168	298.183	0.368	-3.988	-0.197		9.024	-7.195	280002.000	33.165	
86.956	303.650	0.318	-3.985	-0.212		8.171	-1.646	280074.000	33.259	
87.063	297.289	0.399	-4.016	-0.206		12.683	-9.695	280145.000	33.212	
87.061	299.829	0.359	-4.014	-0.206		20.488	12.134	280218.000	33.353	
87.501	304.287	0.258	-4.028	-0.176		11.829	-2.561	280291.000	33.259	
86.967	301.607	0.343	-3.981	-0.211		-14.756	4.695	280364.000	33.259	
86.121	306.795	0.360	-3.976	-0.270		-20.732	-2.256	280436.000	33.259	
85.796	304.974	0.426	-4.052	-0.298		-20.732	6.768	280510.000	33.165	
87.216	295.659	0.398	-3.936	-0.191		23.598	-3.293	280583.000	33.259	
87.574	314.360	0.177	-4.079	-0.173		15.000	-21.463	280655.000	33.165	
87.118	292.871	0.475	-3.977	-0.200		-34.329	0.122	280730.000	33.212	
86.962	292.453	0.501	-3.900	-0.207		2.256	-5.305	280803.000	33.212	
87.034	326.553	0.141	-4.108	-0.213		42.317	-8.293	280875.000	33.259	
87.372	300.481	0.309	-3.958	-0.182		7.439	3.963	280947.000	33.306	
88.137	290.452	0.354	-4.053	-0.132		-14.634	8.841	281018.000	33.165	
86.552	302.281	0.382	-4.003	-0.241		-16.220	-7.439	281091.000	33.165	
86.955	298.783	0.386	-3.983	-0.212		-3.598	-5.427	281164.000	33.259	
87.919	291.963	0.358	-3.979	-0.145		-28.476	-3.232	281237.000	33.212	
86.393	299.472	0.442	-3.966	-0.250		-25.732	15.305	281311.000	33.306	
87.456	294.794	0.385	-4.001	-0.178		-10.793	12.927	281384.000	33.165	
87.719	291.111	0.407	-3.947	-0.157		10.549	21.037	281458.000	33.353	
87.377	296.627	0.360	-3.943	-0.181		40.976	5.976	281532.000	33.259	
87.164	300.444	0.334	-3.962	-0.196		40.244	7.683	281604.000	33.259	
85.450	315.895	0.308	-3.988	-0.317		13.171	13.354	281675.000	33.165	
86.326	305.981	0.356	-4.030	-0.259		-2.134	6.585	281748.000	33.259	
86.149	306.596	0.360	-3.976	-0.268		-24.695	14.268	281820.000	33.165	
86.739	296.614	0.458	-4.028	-0.229		-8.720	11.585	281893.000	33.353	
87.738	298.152	0.292	-3.955	-0.156		27.744	-2.622	281966.000	33.259	
86.034	308.680	0.343	-3.958	-0.274		2.683	-13.415	282039.000	33.259	
86.171	310.299	0.321	-4.071	-0.272		13.293	0.000	282112.000	33.165	
87.142	296.565	0.396	-3.971	-0.198		-11.524	4.817	282183.000	33.259	
88.165	292.200	0.313	-3.994	-0.128		-19.024	-7.195	282256.000	33.259	
87.010	298.754	0.381	-4.001	-0.209		4.878	6.341	282331.000	33.259	
86.958	302.307	0.332	-3.951	-0.210		1.890	-5.305	282401.000	33.259	
87.294	297.417	0.365	-4.009	-0.189		10.732	-0.732	282473.000	33.259	
86.930	302.940	0.330	-3.987	-0.214		-2.622	-0.244	282546.000	33.259	
86.600	304.509	0.344	-3.978	-0.236		-3.354	-5.610	282618.000	33.259	
87.051	301.251	0.343	-4.037	-0.208		11.402	-9.695	282691.000	33.259	
87.059	301.883	0.328	-3.973	-0.204		-7.195	3.841	282764.000	33.259	
87.878	297.339	0.287	-4.006	-0.148		-1.890	-4.817	282835.000	33.259	
86.417	299.594	0.438	-3.977	-0.249		-27.378	10.122	282908.000	33.353	
86.721	294.136	0.508	-3.972	-0.228		-30.122	11.707	282982.000	33.165	
87.524	298.561	0.319	-4.020	-0.174		6.220	1.646	283056.000	33.306	
86.864	298.461	0.395	-3.903	-0.214		7.073	11.707	283127.000	33.165	
86.505	295.717	0.505	-3.981	-0.243		20.854	6.098	283199.000	33.165	
86.936	310.436	0.251	-3.995	-0.214		20.732	-27.561	283271.000	33.259	
88.290	295.663	0.250	-4.022	-0.120		-32.744	1.159	283344.000	33.259	
86.523	290.004	0.646	-3.873	-0.235		-16.220	3.293	283417.000	33.259	
88.308	282.562	0.539	-4.067	-0.120		-14.695	38.232	283490.000	33.165	
87.941	290.879	0.379	-4.021	-0.145		18.841	-32.744	283564.000	33.259	
88.031	290.246	0.376	-4.033	-0.139		-5.366	14.207	283637.000	33.212	
86.830	296.210	0.442	-3.933	-0.218		21.159	-16.646	283710.000	33.212	
87.343	297.681	0.357	-4.041	-0.188		0.366	3.720	283784.000	33.259	
87.654	293.693	0.367	-3.933	-0.161		-21.768	5.976	283854.000	33.118	
87.349	292.268	0.453	-4.007	-0.186		3.110	13.232	283928.000	33.306	
87.370	294.308	0.404	-3.976	-0.183		-7.866	11.768	284000.000	33.118	
87.231	292.338	0.466	-3.958	-0.191		17.622	21.037	284072.000	33.306	
87.604	296.498	0.335	-3.991	-0.167		25.915	1.951	284145.000	33.306	
87.538	300.877	0.284	-3.952	-0.170		0.366	-5.610	284217.000	33.212	
85.781	302.946	0.455	-3.998	-0.295		-4.756	17.317	284289.000	33.306	
87.279	300.964	0.313	-3.945	-0.188		-11.280	9.207	284361.000	33.306	
86.978	300.569	0.355	-3.978	-0.210		-12.439	-3.659	284434.000	33.259	
87.098	297.722	0.383	-3.969	-0.201		6.951	2.988	284508.000	33.212	
86.995	298.021	0.395	-3.999	-0.210		2.134	1.829	284578.000	33.212	
87.679	295.115	0.344	-3.976	-0.161		-3.476	1.524	284649.000	33.259	
87.637	295.201	0.349	-3.977	-0.164		-9.512	0.732	284721.000	33.259	
86.778	298.985	0.407	-4.008	-0.226		-7.561	7.683	284793.000	33.071	
88.045	289.579	0.379	-3.947	-0.135		3.415	9.268	284865.000	33.212	
87.060	300.893	0.348	-4.051	-0.208		4.451	-3.537	284936.000	33.212	
86.790	301.808	0.357	-3.953	-0.222		13.232	0.122	285007.000	33.306	
86.631	303.149	0.360	-3.998	-0.235		2.317	-5.305	285079.000	33.259	
86.695	301.557	0.372	-3.957	-0.229		-2.256	-2.500	285151.000	33.165	
86.988	298.992	0.379	-3.990	-0.210		-3.841	-3.049	285223.000	33.165	
86.243	300.794	0.438	-3.971	-0.261		-5.427	2.378	285296.000	33.165	
87.254	299.943	0.334	-4.011	-0.192		-0.061	-1.524	285368.000	33.165	
86.561	301.914	0.386	-3.998	-0.240		-0.427	11.646	285441.000	33.071	
87.193	292.979	0.463	-4.004	-0.196		0.488	9.024	285513.000	33.259	
86.479	305.320	0.342	-3.937	-0.242		18.049	2.439	285584.000	33.165	
87.072	299.644	0.360	-4.010	-0.205		-11.037	2.500	285657.000	33.259	
87.415	293.529	0.408	-3.938	-0.178		-3.963	11.220	285729.000	33.259	
86.632	297.800	0.448	-4.016	-0.236		3.476	-1.159	285802.000	33.259	
88.026	310.888	0.160	-4.022	-0.139		19.634	-18.659	285874.000	33.259	
87.319	296.685	0.373	-4.004	-0.188		-35.305	5.244	285947.000	33.165	
86.457	294.095	0.546	-3.943	-0.244		-9.756	-1.829	286020.000	33.165	
87.403	296.142	0.372	-4.026	-0.183		2.561	-4.939	286093.000	33.165	
86.493	308.125	0.309	-3.952	-0.242		1.890	3.232	286164.000	33.259	
86.713	297.641	0.433	-3.945	-0.227		11.585	12.805	286235.000	33.212	
87.012	295.488	0.440	-4.022	-0.210		14.451	-4.817	286308.000	33.306	
87.174	299.834	0.339	-3.938	-0.194		4.451	10.183	286381.000	33.259	
87.327	298.205	0.350	-4.016	-0.188		18.780	11.037	286452.000	33.212	
86.670	299.730	0.405	-3.978	-0.231		3.354	12.683	286526.000	33.306	
86.981	298.671	0.386	-3.999	-0.211		-16.524	8.902	286598.000	33.212	
87.091	299.626	0.355	-3.979	-0.202		-3.720	5.488	286670.000	33.212	
87.807	291.381	0.392	-4.003	-0.153		7.866	-6.890	286742.000	33.212	
87.618	295.278	0.352	-3.991	-0.166		10.976	-3.841	286814.000	33.212	
87.069	302.629	0.320	-4.005	-0.205		4.146	-0.427	286886.000	33.306	
86.456	301.246	0.407	-3.989	-0.247		-18.537	5.305	286958.000	33.212	
86.187	306.092	0.360	-3.941	-0.263		-38.171	4.512	287031.000	33.212	
86.901	291.523	0.555	-4.041	-0.219		-4.634	8.537	287104.000	33.212	
87.232	295.828	0.397	-3.979	-0.192		39.756	11.341	287175.000	33.165	
86.880	298.396	0.421	-4.174	-0.228		39.207	-12.500	287248.000	33.212	
86.418	311.048	0.287	-3.993	-0.250		-7.256	-7.988	287323.000	33.118	
86.955	292.019	0.531	-4.039	-0.215		-1.890	5.427	287395.000	33.212	
86.993	311.238	0.229	-3.829	-0.201		-4.085	-5.671	287467.000	33.212	
87.548	291.867	0.440	-4.128	-0.177		12.195	8.598	287540.000	33.306	
86.341	301.501	0.411	-3.939	-0.252		46.951	18.415	287611.000	33.212	
87.608	299.164	0.303	-4.044	-0.169		40.488	-4.024	287684.000	33.212	
88.139	292.407	0.317	-4.026	-0.131		14.451	14.451	287757.000	33.212	
88.566	287.127	0.323	-3.979	-0.100		-3.720	3.659	287830.000	33.212	
87.153	316.432	0.190	-4.025	-0.200		-63.841	136.951	287901.000	33.306	
91.328	256.626	0.419	-4.297	0.100		-4.390	-5.976	287976.000	33.259	
88.142	292.040	0.323	-4.033	-0.131		-16.463	5.061	288048.000	33.212	
88.253	285.244	0.434	-3.875	-0.118		14.329	-18.476	288121.000	33.212	
87.911	291.986	0.365	-4.042	-0.147		15.305	-8.659	288195.000	33.259	
88.536	283.843	0.408	-3.937	-0.101		40.549	-7.805	288268.000	33.165	
88.917	285.238	0.283	-4.081	-0.077		15.427	-36.280	288340.000	33.259	
88.668	287.375	0.303	-4.075	-0.095		-27.744	-22.866	288414.000	33.259	
89.711	272.694	0.415	-3.868	-0.020		-20.122	14.390	288489.000	33.118	
87.714	286.777	0.531	-4.013	-0.160		42.622	1.524	288563.000	33.165	
89.149	279.565	0.354	-4.012	-0.060		-4.939	-8.780	288634.000	33.212	
89.438	274.764	0.469	-3.979	-0.039		50.061	16.341	288707.000	33.212	
89.774	272.032	0.440	-3.956	-0.016		37.134	26.646	288780.000	33.259	
88.694	284.181	0.363	-4.026	-0.092		38.537	28.293	288854.000	33.165	
90.238	267.802	0.433	-4.003	0.017		29.756	60.549	288926.000	33.259	
91.119	257.266	0.346	-4.001	0.078		30.976	32.012	288998.000	33.212	
92.203	245.204	0.334	-4.012	0.154		22.805	-19.146	289070.000	33.118	
93.628	238.241	0.390	-3.805	0.241		-9.024	-9.024	289142.000	33.212	
94.313	237.593	0.449	-3.781	0.285		-9.390	-16.463	289214.000	33.212	
94.193	233.660	0.392	-3.930	0.288		-7.500	-31.098	289287.000	33.306	
91.993	245.035	0.298	-3.985	0.139		-15.366	-16.585	289359.000	33.212	
91.351	259.753	0.508	-3.893	0.092		12.256	-25.305	289433.000	33.165	
92.349	248.743	0.427	-4.047	0.166		73.537	-5.854	289506.000	33.165	
92.436	243.567	0.340	-3.972	0.169		-27.988	17.317	289577.000	33.259	
91.974	254.101	0.477	-3.938	0.136		-54.756	3.841	289651.000	33.259	
91.158	260.286	0.468	-3.961	0.080		-34.878	-1.707	289723.000	33.212	
91.095	259.857	0.426	-3.986	0.076		-6.341	22.622	289796.000	33.165	
89.972	270.359	0.312	-3.928	-0.002		-56.402	36.220	289867.000	33.306	
88.912	277.972	0.544	-4.011	-0.076		-34.695	18.293	289941.000	33.165	
91.460	254.548	0.360	-3.909	0.100		7.805	6.951	290015.000	33.259	
90.632	263.169	0.375	-4.071	0.045		2.927	0.244	290084.000	33.212	
89.707	272.637	0.445	-4.007	-0.021		-6.646	4.878	290154.000	33.165	
88.630	282.915	0.413	-3.960	-0.095		8.415	-0.732	290226.000	33.165	
88.657	282.965	0.407	-3.998	-0.094		17.622	3.476	290297.000	33.353	
88.414	285.539	0.400	-4.021	-0.111		11.890	5.366	290369.000	33.259	
87.360	295.679	0.382	-3.982	-0.184		14.817	4.573	290441.000	33.212	
88.447	283.421	0.450	-3.963	-0.107		14.939	14.878	290512.000	33.212	
88.094	290.333	0.358	-3.990	-0.133		13.171	6.341	290586.000	33.118	
87.779	292.599	0.373	-4.003	-0.155		11.037	42.439	290658.000	33.118	
88.256	286.281	0.418	-4.009	-0.122		-2.805	11.768	290731.000	33.212	
87.455	298.393	0.325	-3.955	-0.176		-8.293	4.390	290803.000	33.212	
86.806	305.039	0.320	-4.025	-0.225		-44.939	-20.671	290875.000	33.212	
87.153	292.850	0.466	-3.947	-0.196		-20.671	-24.268	290950.000	33.165	
87.158	291.647	0.502	-4.013	-0.199		12.866	1.220	291024.000	33.259	
86.808	293.343	0.514	-3.976	-0.222		40.061	32.012	291096.000	33.259	
86.235	302.848	0.402	-3.947	-0.260		44.085	29.268	291169.000	33.259	
87.179	315.990	0.194	-4.082	-0.201		29.573	16.341	291241.000	33.165	
85.818	302.238	0.452	-3.899	-0.285		11.951	26.463	291315.000	33.259	
86.171	303.690	0.401	-3.998	-0.268		12.683	-2.805	291388.000	33.212	
85.986	306.991	0.368	-3.952	-0.277		28.963	10.427	291461.000	33.118	
86.499	306.870	0.324	-3.975	-0.243		0.122	5.061	291533.000	33.212	
88.813	294.353	0.186	-4.055	-0.084		-23.354	-4.939	291604.000	33.165	
87.729	292.226	0.385	-3.965	-0.157		-74.451	9.695	291678.000	33.306	
86.688	300.516	0.388	-3.949	-0.229		-31.159	-15.732	291750.000	33.118	
88.701	286.750	0.302	-4.005	-0.091		-63.476	-34.085	291825.000	33.212	
88.928	278.954	0.465	-3.914	-0.073		-74.695	-31.890	291900.000	33.259	
88.240	286.205	0.427	-4.035	-0.124		-46.220	-11.768	291975.000	33.306	
88.840	278.588	0.530	-3.956	-0.080		5.305	4.329	292050.000	33.165	
86.842	304.118	0.330	-4.054	-0.224		17.073	-43.354	292121.000	33.212	
89.775	272.291	0.391	-3.985	-0.016		-2.805	6.220	292195.000	33.259	
89.067	276.152	0.589	-3.897	-0.063		-19.390	-0.366	292267.000	33.212	
87.831	290.814	0.403	-4.048	-0.153		-19.146	6.159	292340.000	33.259	
87.775	287.732	0.479	-3.946	-0.153		-6.280	25.976	292413.000	33.259	
88.142	288.305	0.387	-3.944	-0.128		-2.805	14.878	292486.000	33.259	
87.955	289.609	0.397	-3.965	-0.142		1.646	10.183	292558.000	33.165	
89.164	279.930	0.329	-3.950	-0.058		-47.134	28.110	292630.000	33.165	
89.222	278.758	0.349	-3.954	-0.054		-97.927	20.610	292704.000	33.259	
88.728	280.224	0.487	-3.958	-0.088		-106.159	52.195	292779.000	33.212	
92.035	224.002	0.138	-4.012	0.143		-147.073	41.951	292853.000	33.212	
92.754	235.534	0.280	-3.999	0.192		-257.439	-22.683	292927.000	33.259	
92.193	247.838	0.374	-3.978	0.152		-233.659	-30.427	293002.000	33.165	
92.342	246.441	0.374	-3.988	0.163		-161.098	-26.037	293076.000	33.212	
91.850	245.601	0.284	-3.991	0.129		-108.293	-24.939	293151.000	33.259	
92.737	238.801	0.314	-3.983	0.190		-74.512	1.524	293226.000	33.306	
92.556	237.358	0.274	-3.938	0.176		-37.256	12.317	293298.000	33.165	
92.557	240.975	0.320	-3.980	0.178		4.207	19.695	293370.000	33.259	
92.609	238.339	0.293	-3.965	0.181		27.927	17.012	293441.000	33.165	
92.105	240.653	0.259	-3.958	0.146		39.817	19.268	293514.000	33.259	
92.002	242.939	0.270	-3.938	0.138		63.780	30.427	293585.000	33.118	
92.811	219.862	0.163	-3.978	0.195		42.622	18.841	293657.000	33.118	
92.323	232.012	0.205	-3.948	0.160		2.561	16.768	293729.000	33.212	
92.205	238.380	0.249	-3.982	0.153		14.817	8.232	293799.000	33.259	
93.156	222.223	0.201	-4.021	0.222		31.890	14.329	293870.000	33.165	
93.381	222.759	0.216	-3.951	0.233		-29.878	2.683	293942.000	33.165	
91.559	252.897	0.355	-4.018	0.109		27.256	0.061	294013.000	33.118	
93.330	215.583	0.167	-4.011	0.233		15.183	-4.695	294084.000	33.212	
93.012	235.187	0.295	-3.897	0.205		-13.232	7.073	294156.000	33.212	
92.035	232.750	0.188	-4.012	0.143		-0.610	10.671	294227.000	33.165	
89.109	280.971	0.317	-3.958	-0.062		3.720	19.573	294299.000	33.259	
90.200	267.414	0.303	-3.911	0.014		90.793	11.585	294371.000	33.259	
90.613	251.694	0.130	-4.016	0.043		116.098	21.829	294444.000	33.165	
89.872	272.816	0.179	-3.928	-0.009		110.854	-3.780	294516.000	33.165	
90.353	264.690	0.263	-3.960	0.024		160.183	-11.280	294590.000	33.165	
90.742	255.835	0.205	-3.995	0.052		138.659	-1.159	294664.000	33.165	
90.169	267.740	0.297	-3.984	0.012		99.146	-13.171	294736.000	33.212	
90.798	255.904	0.222	-3.995	0.056		88.476	-11.951	294809.000	33.212	
90.056	269.098	0.248	-3.986	0.004		50.793	-10.366	294882.000	33.212	
90.269	266.376	0.293	-3.951	0.019		15.854	-14.817	294955.000	33.212	
90.798	259.900	0.313	-3.994	0.056		3.415	-9.512	295027.000	33.212	
89.717	273.500	0.319	-3.949	-0.020		-17.683	-10.549	295098.000	33.212	
89.958	270.526	0.319	-4.010	-0.003		-22.744	-7.317	295174.000	33.212	
90.028	269.683	0.354	-3.992	0.002		-14.268	-7.073	295247.000	33.259	
90.280	266.872	0.357	-4.000	0.020		-2.195	0.488	295320.000	33.259	
90.298	266.245	0.313	-3.947	0.021		-15.061	0.488	295391.000	33.306	
90.519	263.384	0.312	-3.989	0.036		-12.500	-7.805	295462.000	33.118	
88.788	282.529	0.378	-3.970	-0.084		5.427	11.829	295535.000	33.212	
89.687	273.358	0.366	-3.936	-0.021		11.402	6.890	295607.000	33.306	
88.884	281.873	0.362	-3.909	-0.076		0.244	6.098	295678.000	33.212	
89.543	276.057	0.304	-4.036	-0.032		11.098	-0.976	295749.000	33.259	
88.775	283.017	0.363	-3.927	-0.084		17.500	7.988	295822.000	33.259	
89.916	271.131	0.297	-4.007	-0.006		26.098	11.585	295894.000	33.165	
88.570	284.810	0.373	-3.952	-0.099		23.598	4.878	295966.000	33.165	
89.005	281.564	0.339	-3.991	-0.069		60.671	12.012	296039.000	33.165	
89.591	274.618	0.351	-3.972	-0.028		63.415	25.732	296112.000	33.165	
89.958	270.741	0.227	-3.998	-0.003		45.122	-8.598	296184.000	33.165	
88.386	289.220	0.319	-3.952	-0.111		23.476	-15.671	296257.000	33.165	
89.187	281.503	0.278	-3.993	-0.057		20.610	-14.939	296331.000	33.165	
89.443	278.616	0.258	-4.015	-0.039		-12.012	-45.000	296404.000	33.212	
89.548	274.643	0.385	-3.965	-0.031		-42.378	-67.500	296479.000	33.165	
89.310	276.041	0.452	-3.973	-0.048		-45.854	-83.841	296554.000	33.165	
88.608	279.789	0.555	-3.938	-0.096		21.585	-57.012	296629.000	33.212	
87.673	282.722	0.705	-3.918	-0.159		100.427	-28.293	296702.000	33.118	
87.781	284.122	0.613	-3.981	-0.154		158.902	13.293	296778.000	33.259	
88.879	277.391	0.595	-3.944	-0.077		159.878	42.012	296852.000	33.259	
88.744	279.956	0.495	-3.963	-0.087		135.610	31.220	296926.000	33.118	
88.695	282.270	0.413	-3.945	-0.090		101.220	39.634	296999.000	33.118	
88.447	282.246	0.504	-4.033	-0.109		47.683	30.000	297073.000	33.165	
88.101	284.612	0.502	-3.946	-0.131		71.220	26.098	297146.000	33.259	
88.844	280.802	0.425	-4.016	-0.081		65.671	20.488	297219.000	33.165	
88.898	282.291	0.350	-3.960	-0.076		6.585	-4.451	297291.000	33.259	
88.043	291.166	0.351	-3.974	-0.136		-30.793	-8.049	297363.000	33.165	
87.771	287.418	0.498	-4.014	-0.156		-70.915	12.012	297438.000	33.259	
87.868	287.463	0.469	-3.962	-0.147		-93.476	-9.207	297511.000	33.165	
88.371	282.646	0.505	-3.984	-0.113		-77.622	6.037	297585.000	33.212	
94.639	148.958	-0.190	-3.899	0.316	-28.049	-7.439	-20.793	615.000	32.459	
